Daikin FTXS35CVMB

FAN SPEED
sendir,2:1,1,33000,1,1,167,72,11,60,11,25,11,25,11,24,12,60,11,24,12,24,12,24,12,24,12,59,12,24,12,59,12,59,12,24,12,59,12,60,11,60,11,60,11,60,11,25,11,25,11,60,11,25,11,25,11,24,12,24,12,24,12,24,12,24,12,24,12,24,11,25,11,60,11,60,12,24,11,25,11,60,11,25,11,60,11,60,12,59,12,24,12,24,12,24,11,25,11,25,11,60,11,25,11,60,11,25,11,25,11,24,12,60,11,60,11,25,11,24,12,24,12,24,12,24,12,24,12,24,12,24,11,25,11,25,11,25,11,24,12,24,12,24,12,24,12,24,12,24,12,24,11,25,11,60,11,60,12,24,11,60,12,24,11,25,11,25,11,25,11,25,11,60,11,25,11,24,12,24,12,24,12,24,12,24,12,24,12,24,11,60,12,24,11,25,11,25,11,25,11,60,11,25,11,24,12,60,11,60,11,60,11,60,11,25,11,3431
0000 007E 0000 006A 00A7 0048 000B 003C 000B 0019 000B 0019 000B 0018 000C 003C 000B 0018 000C 0018 000C 0018 000C 0018 000C 003B 000C 0018 000C 003B 000C 003B 000C 0018 000C 003B 000C 003C 000B 003C 000B 003C 000B 003C 000B 0019 000B 0019 000B 003C 000B 0019 000B 0019 000B 0018 000C 0018 000C 0018 000C 0018 000C 0018 000C 0018 000C 0018 000B 0019 000B 003C 000B 003C 000C 0018 000B 0019 000B 003C 000B 0019 000B 003C 000B 003C 000C 003B 000C 0018 000C 0018 000C 0018 000B 0019 000B 0019 000B 003C 000B 0019 000B 003C 000B 0019 000B 0019 000B 0018 000C 003C 000B 003C 000B 0019 000B 0018 000C 0018 000C 0018 000C 0018 000C 0018 000C 0018 000C 0018 000B 0019 000B 0019 000B 0019 000B 0018 000C 0018 000C 0018 000C 0018 000C 0018 000C 0018 000C 0018 000B 0019 000B 003C 000B 003C 000C 0018 000B 003C 000C 0018 000B 0019 000B 0019 000B 0019 000B 0019 000B 003C 000B 0019 000B 0018 000C 0018 000C 0018 000C 0018 000C 0018 000C 0018 000C 0018 000B 003C 000C 0018 000B 0019 000B 0019 000B 0019 000B 003C 000B 0019 000B 0018 000C 003C 000B 003C 000B 003C 000B 003C 000B 0019 000B 0D67

HEAT DOWN
sendir,2:1,1,33000,1,1,167,72,12,59,12,25,12,24,12,24,12,59,12,24,12,24,12,24,12,24,11,60,12,24,11,60,12,59,12,24,12,59,12,59,12,59,12,60,12,60,11,25,12,24,12,59,12,24,12,24,12,24,12,25,12,24,12,24,11,25,11,25,11,25,11,24,12,60,11,60,11,25,11,24,12,60,11,25,12,60,11,60,11,60,11,25,11,25,11,25,11,24,12,24,12,60,12,24,12,60,12,24,12,24,12,24,12,59,12,59,12,24,12,25,12,24,12,24,12,24,11,25,11,25,11,25,11,24,12,24,12,24,12,24,12,25,12,24,12,24,11,25,11,25,11,25,11,25,12,60,11,60,11,25,11,60,11,25,11,24,12,24,12,24,12,60,12,24,12,60,12,24,12,24,12,25,12,25,12,24,11,25,11,25,11,60,11,25,11,25,11,25,11,24,12,60,11,60,11,60,11,60,11,60,12,59,12,59,12,24,12,1153
0000 007E 0000 006A 00A7 0048 000C 003B 000C 0019 000C 0018 000C 0018 000C 003B 000C 0018 000C 0018 000C 0018 000C 0018 000B 003C 000C 0018 000B 003C 000C 003B 000C 0018 000C 003B 000C 003B 000C 003B 000C 003C 000C 003C 000B 0019 000C 0018 000C 003B 000C 0018 000C 0018 000C 0018 000C 0019 000C 0018 000C 0018 000B 0019 000B 0019 000B 0019 000B 0018 000C 003C 000B 003C 000B 0019 000B 0018 000C 003C 000B 0019 000C 003C 000B 003C 000B 003C 000B 0019 000B 0019 000B 0019 000B 0018 000C 0018 000C 003C 000C 0018 000C 003C 000C 0018 000C 0018 000C 0018 000C 003B 000C 003B 000C 0018 000C 0019 000C 0018 000C 0018 000C 0018 000B 0019 000B 0019 000B 0019 000B 0018 000C 0018 000C 0018 000C 0018 000C 0019 000C 0018 000C 0018 000B 0019 000B 0019 000B 0019 000B 0019 000C 003C 000B 003C 000B 0019 000B 003C 000B 0019 000B 0018 000C 0018 000C 0018 000C 003C 000C 0018 000C 003C 000C 0018 000C 0018 000C 0019 000C 0019 000C 0018 000B 0019 000B 0019 000B 003C 000B 0019 000B 0019 000B 0019 000B 0018 000C 003C 000B 003C 000B 003C 000B 003C 000B 003C 000C 003B 000C 003B 000C 0018 000C 0481

HEAT UP
sendir,2:1,1,33000,1,1,167,72,11,60,11,25,11,25,11,24,12,60,11,24,12,25,12,24,12,25,12,59,12,25,12,60,12,59,12,25,12,59,12,59,12,60,11,60,11,60,11,25,11,25,11,60,11,25,11,25,11,24,12,25,12,25,12,25,12,24,12,24,12,24,11,25,11,60,11,60,12,24,11,25,11,60,11,25,11,60,11,60,12,59,12,24,12,24,11,25,11,25,11,25,11,60,11,25,11,60,11,25,11,25,11,25,12,60,11,60,11,25,11,24,12,25,12,25,12,25,12,24,12,24,12,24,11,25,11,25,11,25,11,24,12,25,12,25,12,25,12,24,12,24,12,24,11,25,11,60,11,25,11,60,11,60,12,24,11,25,11,25,11,25,11,60,11,25,11,60,11,25,11,24,12,25,12,25,12,25,12,24,12,24,12,59,12,24,12,24,11,25,11,25,11,60,11,60,11,25,11,25,11,25,11,25,11,25,12,60,11,1154
0000 007E 0000 006A 00A7 0048 000B 003C 000B 0019 000B 0019 000B 0018 000C 003C 000B 0018 000C 0019 000C 0018 000C 0019 000C 003B 000C 0019 000C 003C 000C 003B 000C 0019 000C 003B 000C 003B 000C 003C 000B 003C 000B 003C 000B 0019 000B 0019 000B 003C 000B 0019 000B 0019 000B 0018 000C 0019 000C 0019 000C 0019 000C 0018 000C 0018 000C 0018 000B 0019 000B 003C 000B 003C 000C 0018 000B 0019 000B 003C 000B 0019 000B 003C 000B 003C 000C 003B 000C 0018 000C 0018 000B 0019 000B 0019 000B 0019 000B 003C 000B 0019 000B 003C 000B 0019 000B 0019 000B 0019 000C 003C 000B 003C 000B 0019 000B 0018 000C 0019 000C 0019 000C 0019 000C 0018 000C 0018 000C 0018 000B 0019 000B 0019 000B 0019 000B 0018 000C 0019 000C 0019 000C 0019 000C 0018 000C 0018 000C 0018 000B 0019 000B 003C 000B 0019 000B 003C 000B 003C 000C 0018 000B 0019 000B 0019 000B 0019 000B 003C 000B 0019 000B 003C 000B 0019 000B 0018 000C 0019 000C 0019 000C 0019 000C 0018 000C 0018 000C 003B 000C 0018 000C 0018 000B 0019 000B 0019 000B 003C 000B 003C 000B 0019 000B 0019 000B 0019 000B 0019 000B 0019 000C 003C 000B 0482

MODE
sendir,2:1,1,33000,1,1,167,72,11,60,11,25,11,24,12,25,12,60,11,25,12,25,12,25,12,25,11,60,12,25,11,60,12,60,12,25,12,60,12,60,12,60,11,60,11,60,11,25,11,25,11,60,11,25,11,24,12,25,12,25,12,25,12,24,12,25,12,25,11,25,11,25,11,60,11,60,11,25,11,25,11,60,11,25,11,60,11,60,12,60,12,25,12,25,11,25,11,25,11,60,11,25,11,25,11,60,11,25,11,24,12,25,12,60,12,60,11,60,11,60,11,25,11,25,11,24,12,25,12,25,12,25,12,24,12,25,12,25,11,25,11,25,11,25,11,24,12,25,12,25,12,25,12,24,12,25,12,25,11,25,11,25,11,25,11,25,11,60,11,25,11,60,11,25,11,60,11,25,11,24,12,25,12,25,12,25,12,24,12,25,12,60,12,25,12,25,11,25,11,25,11,60,11,25,11,25,11,60,11,25,11,24,12,25,12,60,12,1156
0000 007E 0000 006A 00A7 0048 000B 003C 000B 0019 000B 0018 000C 0019 000C 003C 000B 0019 000C 0019 000C 0019 000C 0019 000B 003C 000C 0019 000B 003C 000C 003C 000C 0019 000C 003C 000C 003C 000C 003C 000B 003C 000B 003C 000B 0019 000B 0019 000B 003C 000B 0019 000B 0018 000C 0019 000C 0019 000C 0019 000C 0018 000C 0019 000C 0019 000B 0019 000B 0019 000B 003C 000B 003C 000B 0019 000B 0019 000B 003C 000B 0019 000B 003C 000B 003C 000C 003C 000C 0019 000C 0019 000B 0019 000B 0019 000B 003C 000B 0019 000B 0019 000B 003C 000B 0019 000B 0018 000C 0019 000C 003C 000C 003C 000B 003C 000B 003C 000B 0019 000B 0019 000B 0018 000C 0019 000C 0019 000C 0019 000C 0018 000C 0019 000C 0019 000B 0019 000B 0019 000B 0019 000B 0018 000C 0019 000C 0019 000C 0019 000C 0018 000C 0019 000C 0019 000B 0019 000B 0019 000B 0019 000B 0019 000B 003C 000B 0019 000B 003C 000B 0019 000B 003C 000B 0019 000B 0018 000C 0019 000C 0019 000C 0019 000C 0018 000C 0019 000C 003C 000C 0019 000C 0019 000B 0019 000B 0019 000B 003C 000B 0019 000B 0019 000B 003C 000B 0019 000B 0018 000C 0019 000C 003C 000C 0484

SWING UP/DOWN
sendir,2:1,1,33000,1,1,166,72,12,59,12,24,12,24,12,24,11,60,12,24,11,25,11,25,11,25,11,60,11,25,11,60,11,60,11,25,11,60,11,60,12,59,12,59,12,59,12,24,12,24,12,59,12,24,12,24,12,24,11,25,11,25,11,25,11,24,12,24,12,24,12,24,12,59,12,59,12,24,12,24,12,59,12,24,12,59,12,59,12,60,11,24,12,24,12,24,12,24,12,24,12,59,12,24,12,59,12,24,12,24,12,24,11,60,12,59,12,59,12,59,12,24,12,24,12,24,12,24,11,25,11,25,11,25,11,25,11,24,12,24,12,24,12,24,12,24,12,24,11,25,11,25,11,25,11,60,11,60,11,25,11,60,11,25,11,25,11,25,11,24,12,24,12,59,12,24,12,24,12,24,12,24,12,24,12,24,11,25,11,25,11,60,11,25,11,25,11,24,12,24,12,59,12,24,12,24,12,59,12,59,12,60,11,24,12,24,12,1153
0000 007E 0000 006A 00A6 0048 000C 003B 000C 0018 000C 0018 000C 0018 000B 003C 000C 0018 000B 0019 000B 0019 000B 0019 000B 003C 000B 0019 000B 003C 000B 003C 000B 0019 000B 003C 000B 003C 000C 003B 000C 003B 000C 003B 000C 0018 000C 0018 000C 003B 000C 0018 000C 0018 000C 0018 000B 0019 000B 0019 000B 0019 000B 0018 000C 0018 000C 0018 000C 0018 000C 003B 000C 003B 000C 0018 000C 0018 000C 003B 000C 0018 000C 003B 000C 003B 000C 003C 000B 0018 000C 0018 000C 0018 000C 0018 000C 0018 000C 003B 000C 0018 000C 003B 000C 0018 000C 0018 000C 0018 000B 003C 000C 003B 000C 003B 000C 003B 000C 0018 000C 0018 000C 0018 000C 0018 000B 0019 000B 0019 000B 0019 000B 0019 000B 0018 000C 0018 000C 0018 000C 0018 000C 0018 000C 0018 000B 0019 000B 0019 000B 0019 000B 003C 000B 003C 000B 0019 000B 003C 000B 0019 000B 0019 000B 0019 000B 0018 000C 0018 000C 003B 000C 0018 000C 0018 000C 0018 000C 0018 000C 0018 000C 0018 000B 0019 000B 0019 000B 003C 000B 0019 000B 0019 000B 0018 000C 0018 000C 003B 000C 0018 000C 0018 000C 003B 000C 003B 000C 003C 000B 0018 000C 0018 000C 0481

=============

Daikin S63ETRP W

AC MODE
sendir,2:1,1,36000,1,1,15,111,15,301,15,49,15,49,15,111,15,17,16,80,15,80,15,17,15,49,15,17,15,80,16,205,15,18,15,48,15,18,15,17,15,49,15,111,15,80,16,48,15,49,15,49,15,17,15,49,15,16,15,18,15,17,15,17,15,18,15,17,15,17,16,17,15,17,15,18,15,17,15,17,16,17,15,17,15,49,15,49,15,48,16,17,15,49,15,48,15,49,15,49,15,17,15,18,15,17,15,17,15,18,15,17,15,17,16,17,15,17,15,18,15,17,15,17,16,17,15,49,15,48,15,18,15,17,15,17,16,16,15,17,15,18,15,17,15,17,15,18,15,17,15,49,15,49,15,17,15,17,16,17,15,17,15,18,15,17,15,17,15,18,15,17,15,49,15,17,15,18,15,17,15,17,16,17,15,17,15,18,15,17,15,17,15,17,15,17,15,17,16,17,15,49,15,48,15,17,15,17,15,17,16,17,15,17,15,18,15,17,15,49,15,17,15,18,15,17,15,49,15,17,15,17,16,48,15,18,15,48,15,49,15,49,15,17,15,18,15,48,15,49,15,49,15,3762
0000 0073 0000 007C 000F 006F 000F 012D 000F 0031 000F 0031 000F 006F 000F 0011 0010 0050 000F 0050 000F 0011 000F 0031 000F 0011 000F 0050 0010 00CD 000F 0012 000F 0030 000F 0012 000F 0011 000F 0031 000F 006F 000F 0050 0010 0030 000F 0031 000F 0031 000F 0011 000F 0031 000F 0010 000F 0012 000F 0011 000F 0011 000F 0012 000F 0011 000F 0011 0010 0011 000F 0011 000F 0012 000F 0011 000F 0011 0010 0011 000F 0011 000F 0031 000F 0031 000F 0030 0010 0011 000F 0031 000F 0030 000F 0031 000F 0031 000F 0011 000F 0012 000F 0011 000F 0011 000F 0012 000F 0011 000F 0011 0010 0011 000F 0011 000F 0012 000F 0011 000F 0011 0010 0011 000F 0031 000F 0030 000F 0012 000F 0011 000F 0011 0010 0010 000F 0011 000F 0012 000F 0011 000F 0011 000F 0012 000F 0011 000F 0031 000F 0031 000F 0011 000F 0011 0010 0011 000F 0011 000F 0012 000F 0011 000F 0011 000F 0012 000F 0011 000F 0031 000F 0011 000F 0012 000F 0011 000F 0011 0010 0011 000F 0011 000F 0012 000F 0011 000F 0011 000F 0011 000F 0011 000F 0011 0010 0011 000F 0031 000F 0030 000F 0011 000F 0011 000F 0011 0010 0011 000F 0011 000F 0012 000F 0011 000F 0031 000F 0011 000F 0012 000F 0011 000F 0031 000F 0011 000F 0011 0010 0030 000F 0012 000F 0030 000F 0031 000F 0031 000F 0011 000F 0012 000F 0030 000F 0031 000F 0031 000F 0EB2

FAN LOW
sendir,2:1,1,36000,1,1,125,63,15,49,15,17,15,16,16,17,15,49,15,16,15,17,16,16,15,16,15,49,15,17,15,49,15,49,15,17,15,49,15,48,15,48,16,48,15,49,15,16,15,17,15,48,16,17,15,16,15,17,15,16,15,17,15,17,15,16,15,16,16,17,15,16,15,17,15,16,15,17,16,16,15,16,15,17,15,16,15,16,15,49,15,16,16,17,15,49,15,48,15,49,15,17,16,16,15,16,15,48,15,49,15,48,16,16,15,48,15,16,15,17,16,17,15,16,15,17,15,16,15,16,15,18,15,16,15,17,16,17,15,16,15,17,15,16,15,16,16,48,15,18,15,47,15,49,15,49,15,48,16,48,15,17,15,17,15,16,16,17,15,17,15,18,15,16,15,16,15,18,15,17,15,16,16,16,15,16,15,49,15,49,15,17,15,16,16,17,15,16,15,18,15,17,15,16,16,16,15,17,15,18,15,48,15,49,15,16,16,17,15,17,15,18,15,16,15,16,16,16,15,17,15,17,15,48,15,18,15,16,15,16,16,16,15,17,15,18,15,17,15,16,16,16,15,16,15,17,15,16,15,17,15,49,15,49,15,16,15,17,15,16,15,17,16,17,15,17,15,18,15,48,15,17,15,16,15,17,16,47,15,17,15,16,15,49,15,17,15,49,15,49,15,48,15,17,15,48,16,16,15,16,15,18,15,3753
0000 0073 0000 009A 007D 003F 000F 0031 000F 0011 000F 0010 0010 0011 000F 0031 000F 0010 000F 0011 0010 0010 000F 0010 000F 0031 000F 0011 000F 0031 000F 0031 000F 0011 000F 0031 000F 0030 000F 0030 0010 0030 000F 0031 000F 0010 000F 0011 000F 0030 0010 0011 000F 0010 000F 0011 000F 0010 000F 0011 000F 0011 000F 0010 000F 0010 0010 0011 000F 0010 000F 0011 000F 0010 000F 0011 0010 0010 000F 0010 000F 0011 000F 0010 000F 0010 000F 0031 000F 0010 0010 0011 000F 0031 000F 0030 000F 0031 000F 0011 0010 0010 000F 0010 000F 0030 000F 0031 000F 0030 0010 0010 000F 0030 000F 0010 000F 0011 0010 0011 000F 0010 000F 0011 000F 0010 000F 0010 000F 0012 000F 0010 000F 0011 0010 0011 000F 0010 000F 0011 000F 0010 000F 0010 0010 0030 000F 0012 000F 002F 000F 0031 000F 0031 000F 0030 0010 0030 000F 0011 000F 0011 000F 0010 0010 0011 000F 0011 000F 0012 000F 0010 000F 0010 000F 0012 000F 0011 000F 0010 0010 0010 000F 0010 000F 0031 000F 0031 000F 0011 000F 0010 0010 0011 000F 0010 000F 0012 000F 0011 000F 0010 0010 0010 000F 0011 000F 0012 000F 0030 000F 0031 000F 0010 0010 0011 000F 0011 000F 0012 000F 0010 000F 0010 0010 0010 000F 0011 000F 0011 000F 0030 000F 0012 000F 0010 000F 0010 0010 0010 000F 0011 000F 0012 000F 0011 000F 0010 0010 0010 000F 0010 000F 0011 000F 0010 000F 0011 000F 0031 000F 0031 000F 0010 000F 0011 000F 0010 000F 0011 0010 0011 000F 0011 000F 0012 000F 0030 000F 0011 000F 0010 000F 0011 0010 002F 000F 0011 000F 0010 000F 0031 000F 0011 000F 0031 000F 0031 000F 0030 000F 0011 000F 0030 0010 0010 000F 0010 000F 0012 000F 0EA9

FAN MODE
sendir,2:1,1,36000,1,1,126,63,16,48,15,17,15,16,15,16,16,48,15,16,16,17,15,16,15,17,15,47,16,16,15,48,15,48,15,18,15,48,16,48,15,49,15,48,15,48,15,18,15,16,15,49,15,16,15,17,15,16,15,16,16,16,15,16,15,17,15,16,15,16,15,18,15,16,15,16,16,16,15,16,15,17,15,17,15,16,16,17,15,48,15,16,15,16,15,49,15,49,15,48,15,16,15,16,15,18,15,48,16,48,15,49,15,16,15,48,15,16,16,16,15,16,15,17,15,17,15,16,16,16,15,16,15,17,15,16,15,16,15,17,15,16,15,17,16,48,15,49,15,48,15,16,15,49,15,49,15,47,15,49,15,16,16,16,15,16,15,17,15,16,15,16,16,16,15,16,15,17,15,16,15,16,15,17,15,16,15,48,15,49,15,16,15,16,15,17,15,16,15,16,16,16,15,16,15,17,15,16,15,16,16,48,15,49,15,16,15,48,15,16,16,16,15,17,15,17,15,16,15,16,16,16,15,48,16,16,15,17,15,17,15,16,15,17,16,16,15,16,15,17,15,17,15,16,16,16,15,16,15,17,15,48,15,49,15,16,16,16,15,16,15,17,15,17,15,16,15,17,15,48,16,17,15,16,15,17,15,48,15,17,15,16,15,49,15,16,15,17,15,16,15,16,16,48,15,18,15,48,15,49,15,48,15,913
0000 0073 0000 009A 007E 003F 0010 0030 000F 0011 000F 0010 000F 0010 0010 0030 000F 0010 0010 0011 000F 0010 000F 0011 000F 002F 0010 0010 000F 0030 000F 0030 000F 0012 000F 0030 0010 0030 000F 0031 000F 0030 000F 0030 000F 0012 000F 0010 000F 0031 000F 0010 000F 0011 000F 0010 000F 0010 0010 0010 000F 0010 000F 0011 000F 0010 000F 0010 000F 0012 000F 0010 000F 0010 0010 0010 000F 0010 000F 0011 000F 0011 000F 0010 0010 0011 000F 0030 000F 0010 000F 0010 000F 0031 000F 0031 000F 0030 000F 0010 000F 0010 000F 0012 000F 0030 0010 0030 000F 0031 000F 0010 000F 0030 000F 0010 0010 0010 000F 0010 000F 0011 000F 0011 000F 0010 0010 0010 000F 0010 000F 0011 000F 0010 000F 0010 000F 0011 000F 0010 000F 0011 0010 0030 000F 0031 000F 0030 000F 0010 000F 0031 000F 0031 000F 002F 000F 0031 000F 0010 0010 0010 000F 0010 000F 0011 000F 0010 000F 0010 0010 0010 000F 0010 000F 0011 000F 0010 000F 0010 000F 0011 000F 0010 000F 0030 000F 0031 000F 0010 000F 0010 000F 0011 000F 0010 000F 0010 0010 0010 000F 0010 000F 0011 000F 0010 000F 0010 0010 0030 000F 0031 000F 0010 000F 0030 000F 0010 0010 0010 000F 0011 000F 0011 000F 0010 000F 0010 0010 0010 000F 0030 0010 0010 000F 0011 000F 0011 000F 0010 000F 0011 0010 0010 000F 0010 000F 0011 000F 0011 000F 0010 0010 0010 000F 0010 000F 0011 000F 0030 000F 0031 000F 0010 0010 0010 000F 0010 000F 0011 000F 0011 000F 0010 000F 0011 000F 0030 0010 0011 000F 0010 000F 0011 000F 0030 000F 0011 000F 0010 000F 0031 000F 0010 000F 0011 000F 0010 000F 0010 0010 0030 000F 0012 000F 0030 000F 0031 000F 0030 000F 0391

HEAT MODE
sendir,2:1,1,36000,1,1,124,63,15,48,15,16,15,17,15,16,15,48,15,16,15,17,15,16,15,16,15,48,15,16,16,47,15,48,15,16,15,48,15,48,15,47,16,47,15,48,15,16,16,16,15,47,16,16,15,16,15,17,15,16,15,16,16,16,15,16,15,17,15,16,15,16,16,16,15,16,15,17,15,16,15,16,15,17,15,16,15,16,16,47,15,17,15,16,15,48,15,16,15,16,16,47,15,17,15,16,15,48,15,47,16,47,15,17,15,47,15,17,15,16,15,17,15,16,15,16,15,17,15,16,15,16,16,16,15,16,15,17,15,16,15,16,16,16,15,48,15,47,15,48,15,16,16,47,15,48,15,48,15,47,15,17,15,16,15,16,16,16,15,16,15,17,15,16,15,16,16,16,15,16,15,17,15,16,15,16,16,47,15,48,15,16,15,17,15,16,15,16,16,16,15,16,15,17,15,16,15,16,15,17,15,47,16,47,15,17,15,47,15,17,15,16,15,16,16,16,15,16,15,17,15,16,15,48,15,16,15,17,15,16,15,16,15,17,15,16,15,16,16,16,15,16,15,17,15,16,15,16,16,16,15,48,15,47,15,17,15,16,15,16,16,16,15,16,15,17,15,16,15,48,15,16,15,17,15,16,15,48,15,16,15,16,16,47,15,17,15,16,15,16,15,17,15,47,16,47,15,48,15,48,15,47,16,3734
0000 0074 0000 009A 007C 003F 000F 0030 000F 0010 000F 0011 000F 0010 000F 0030 000F 0010 000F 0011 000F 0010 000F 0010 000F 0030 000F 0010 0010 002F 000F 0030 000F 0010 000F 0030 000F 0030 000F 002F 0010 002F 000F 0030 000F 0010 0010 0010 000F 002F 0010 0010 000F 0010 000F 0011 000F 0010 000F 0010 0010 0010 000F 0010 000F 0011 000F 0010 000F 0010 0010 0010 000F 0010 000F 0011 000F 0010 000F 0010 000F 0011 000F 0010 000F 0010 0010 002F 000F 0011 000F 0010 000F 0030 000F 0010 000F 0010 0010 002F 000F 0011 000F 0010 000F 0030 000F 002F 0010 002F 000F 0011 000F 002F 000F 0011 000F 0010 000F 0011 000F 0010 000F 0010 000F 0011 000F 0010 000F 0010 0010 0010 000F 0010 000F 0011 000F 0010 000F 0010 0010 0010 000F 0030 000F 002F 000F 0030 000F 0010 0010 002F 000F 0030 000F 0030 000F 002F 000F 0011 000F 0010 000F 0010 0010 0010 000F 0010 000F 0011 000F 0010 000F 0010 0010 0010 000F 0010 000F 0011 000F 0010 000F 0010 0010 002F 000F 0030 000F 0010 000F 0011 000F 0010 000F 0010 0010 0010 000F 0010 000F 0011 000F 0010 000F 0010 000F 0011 000F 002F 0010 002F 000F 0011 000F 002F 000F 0011 000F 0010 000F 0010 0010 0010 000F 0010 000F 0011 000F 0010 000F 0030 000F 0010 000F 0011 000F 0010 000F 0010 000F 0011 000F 0010 000F 0010 0010 0010 000F 0010 000F 0011 000F 0010 000F 0010 0010 0010 000F 0030 000F 002F 000F 0011 000F 0010 000F 0010 0010 0010 000F 0010 000F 0011 000F 0010 000F 0030 000F 0010 000F 0011 000F 0010 000F 0030 000F 0010 000F 0010 0010 002F 000F 0011 000F 0010 000F 0010 000F 0011 000F 002F 0010 002F 000F 0030 000F 0030 000F 002F 0010 0E96

POWER TOGGLE
sendir,2:1,1,36000,1,1,125,64,15,49,15,16,15,16,16,16,15,49,15,16,15,16,15,17,15,16,15,49,15,17,15,48,15,49,15,16,15,49,15,48,15,48,15,49,15,49,15,17,15,17,15,48,15,17,15,16,15,16,16,16,15,17,15,17,15,16,15,16,16,17,15,16,15,17,15,16,15,17,15,17,15,16,15,16,16,16,15,16,15,17,15,16,15,17,16,48,15,18,15,16,15,16,15,17,15,16,15,16,16,17,15,17,15,17,15,17,15,49,15,49,15,48,15,17,15,16,15,16,16,17,15,16,15,18,15,47,15,17,15,16,15,16,16,16,15,16,15,49,15,17,16,48,15,48,15,49,15,47,15,49,15,16,16,16,15,16,15,17,15,16,15,16,16,17,15,16,15,17,15,16,15,16,15,18,15,16,15,49,15,48,15,16,15,16,16,16,15,16,15,17,15,17,15,16,15,18,15,16,15,16,16,48,15,49,15,16,15,17,15,16,15,16,16,16,15,16,15,18,15,16,15,16,16,48,15,17,15,16,15,16,15,18,15,16,15,16,16,17,15,16,15,17,15,16,15,16,16,16,15,16,15,49,15,49,15,16,15,16,16,16,15,17,15,17,15,16,15,16,16,48,15,49,15,17,15,17,15,48,16,16,15,16,15,49,15,17,15,17,15,48,16,16,15,49,15,47,15,49,15,49,15,48,16,3751
0000 0073 0000 009A 007D 0040 000F 0031 000F 0010 000F 0010 0010 0010 000F 0031 000F 0010 000F 0010 000F 0011 000F 0010 000F 0031 000F 0011 000F 0030 000F 0031 000F 0010 000F 0031 000F 0030 000F 0030 000F 0031 000F 0031 000F 0011 000F 0011 000F 0030 000F 0011 000F 0010 000F 0010 0010 0010 000F 0011 000F 0011 000F 0010 000F 0010 0010 0011 000F 0010 000F 0011 000F 0010 000F 0011 000F 0011 000F 0010 000F 0010 0010 0010 000F 0010 000F 0011 000F 0010 000F 0011 0010 0030 000F 0012 000F 0010 000F 0010 000F 0011 000F 0010 000F 0010 0010 0011 000F 0011 000F 0011 000F 0011 000F 0031 000F 0031 000F 0030 000F 0011 000F 0010 000F 0010 0010 0011 000F 0010 000F 0012 000F 002F 000F 0011 000F 0010 000F 0010 0010 0010 000F 0010 000F 0031 000F 0011 0010 0030 000F 0030 000F 0031 000F 002F 000F 0031 000F 0010 0010 0010 000F 0010 000F 0011 000F 0010 000F 0010 0010 0011 000F 0010 000F 0011 000F 0010 000F 0010 000F 0012 000F 0010 000F 0031 000F 0030 000F 0010 000F 0010 0010 0010 000F 0010 000F 0011 000F 0011 000F 0010 000F 0012 000F 0010 000F 0010 0010 0030 000F 0031 000F 0010 000F 0011 000F 0010 000F 0010 0010 0010 000F 0010 000F 0012 000F 0010 000F 0010 0010 0030 000F 0011 000F 0010 000F 0010 000F 0012 000F 0010 000F 0010 0010 0011 000F 0010 000F 0011 000F 0010 000F 0010 0010 0010 000F 0010 000F 0031 000F 0031 000F 0010 000F 0010 0010 0010 000F 0011 000F 0011 000F 0010 000F 0010 0010 0030 000F 0031 000F 0011 000F 0011 000F 0030 0010 0010 000F 0010 000F 0031 000F 0011 000F 0011 000F 0030 0010 0010 000F 0031 000F 002F 000F 0031 000F 0031 000F 0030 0010 0EA7

SLEEP
sendir,2:1,1,36000,1,1,125,64,15,49,15,16,16,17,15,16,15,49,15,17,15,17,15,16,15,16,16,47,15,18,15,48,15,49,15,16,16,48,15,49,15,49,15,48,16,48,15,17,16,16,15,48,15,16,15,16,16,16,15,16,15,18,15,16,15,16,15,18,15,16,15,17,16,16,15,16,15,18,15,16,15,16,16,17,15,16,15,17,15,47,15,18,15,48,16,48,15,17,15,16,15,49,15,17,15,17,16,48,15,48,15,49,15,17,15,49,15,16,15,18,15,16,15,16,16,16,15,17,15,17,15,16,15,16,15,18,15,16,15,16,16,16,15,17,15,49,15,49,15,47,16,16,15,49,15,47,15,49,15,49,15,17,15,17,15,16,15,16,16,16,15,16,15,17,15,16,15,17,15,17,15,16,15,16,16,16,15,49,15,48,15,17,15,16,15,16,16,17,15,49,15,48,16,16,15,17,15,18,15,16,15,16,15,17,15,16,15,49,15,17,15,17,15,16,15,16,16,17,15,16,15,17,15,48,15,17,15,16,15,16,16,16,15,16,15,17,15,16,15,17,16,17,15,16,15,17,15,16,15,16,15,48,15,49,15,16,15,17,15,16,15,16,15,17,15,16,15,16,16,48,15,17,15,17,15,16,16,48,15,18,15,17,15,49,15,16,15,49,15,16,15,49,15,49,15,48,16,16,15,16,15,18,15,3752
0000 0073 0000 009A 007D 0040 000F 0031 000F 0010 0010 0011 000F 0010 000F 0031 000F 0011 000F 0011 000F 0010 000F 0010 0010 002F 000F 0012 000F 0030 000F 0031 000F 0010 0010 0030 000F 0031 000F 0031 000F 0030 0010 0030 000F 0011 0010 0010 000F 0030 000F 0010 000F 0010 0010 0010 000F 0010 000F 0012 000F 0010 000F 0010 000F 0012 000F 0010 000F 0011 0010 0010 000F 0010 000F 0012 000F 0010 000F 0010 0010 0011 000F 0010 000F 0011 000F 002F 000F 0012 000F 0030 0010 0030 000F 0011 000F 0010 000F 0031 000F 0011 000F 0011 0010 0030 000F 0030 000F 0031 000F 0011 000F 0031 000F 0010 000F 0012 000F 0010 000F 0010 0010 0010 000F 0011 000F 0011 000F 0010 000F 0010 000F 0012 000F 0010 000F 0010 0010 0010 000F 0011 000F 0031 000F 0031 000F 002F 0010 0010 000F 0031 000F 002F 000F 0031 000F 0031 000F 0011 000F 0011 000F 0010 000F 0010 0010 0010 000F 0010 000F 0011 000F 0010 000F 0011 000F 0011 000F 0010 000F 0010 0010 0010 000F 0031 000F 0030 000F 0011 000F 0010 000F 0010 0010 0011 000F 0031 000F 0030 0010 0010 000F 0011 000F 0012 000F 0010 000F 0010 000F 0011 000F 0010 000F 0031 000F 0011 000F 0011 000F 0010 000F 0010 0010 0011 000F 0010 000F 0011 000F 0030 000F 0011 000F 0010 000F 0010 0010 0010 000F 0010 000F 0011 000F 0010 000F 0011 0010 0011 000F 0010 000F 0011 000F 0010 000F 0010 000F 0030 000F 0031 000F 0010 000F 0011 000F 0010 000F 0010 000F 0011 000F 0010 000F 0010 0010 0030 000F 0011 000F 0011 000F 0010 0010 0030 000F 0012 000F 0011 000F 0031 000F 0010 000F 0031 000F 0010 000F 0031 000F 0031 000F 0030 0010 0010 000F 0010 000F 0012 000F 0EA8

TEMPERATURE COOLER
sendir,2:1,1,36000,1,1,125,63,15,49,15,17,15,17,15,16,15,49,15,16,15,17,15,16,15,17,16,48,15,18,15,48,15,49,15,16,16,48,15,49,15,49,15,48,15,49,15,16,16,16,15,49,15,16,15,16,16,16,15,16,15,17,15,16,15,17,15,17,15,16,15,16,16,17,15,17,15,17,15,16,15,17,16,16,15,16,15,17,15,47,15,18,15,16,15,49,15,48,15,47,15,17,15,16,15,16,16,48,15,49,15,49,15,16,15,48,15,16,15,18,15,16,15,16,15,17,15,16,15,17,15,16,15,16,15,18,15,16,15,16,16,17,15,16,15,49,15,16,15,48,15,16,16,48,15,48,15,49,15,47,16,17,15,16,15,17,15,16,15,16,16,16,15,16,15,17,15,17,15,16,15,17,15,16,15,16,16,48,15,49,15,16,15,17,15,16,15,16,16,16,15,16,15,18,15,16,15,16,16,17,15,49,15,48,15,17,15,16,15,16,16,17,15,16,15,17,15,16,15,16,16,16,15,48,15,16,15,17,15,17,15,16,15,16,16,16,15,16,15,18,15,16,15,16,16,16,15,16,15,17,15,48,15,49,15,16,16,16,15,16,15,17,15,16,15,17,16,17,15,48,16,16,15,16,15,17,15,48,16,17,15,16,15,49,15,16,15,49,15,49,15,48,16,16,15,16,15,17,15,48,16,48,16,914
0000 0073 0000 009A 007D 003F 000F 0031 000F 0011 000F 0011 000F 0010 000F 0031 000F 0010 000F 0011 000F 0010 000F 0011 0010 0030 000F 0012 000F 0030 000F 0031 000F 0010 0010 0030 000F 0031 000F 0031 000F 0030 000F 0031 000F 0010 0010 0010 000F 0031 000F 0010 000F 0010 0010 0010 000F 0010 000F 0011 000F 0010 000F 0011 000F 0011 000F 0010 000F 0010 0010 0011 000F 0011 000F 0011 000F 0010 000F 0011 0010 0010 000F 0010 000F 0011 000F 002F 000F 0012 000F 0010 000F 0031 000F 0030 000F 002F 000F 0011 000F 0010 000F 0010 0010 0030 000F 0031 000F 0031 000F 0010 000F 0030 000F 0010 000F 0012 000F 0010 000F 0010 000F 0011 000F 0010 000F 0011 000F 0010 000F 0010 000F 0012 000F 0010 000F 0010 0010 0011 000F 0010 000F 0031 000F 0010 000F 0030 000F 0010 0010 0030 000F 0030 000F 0031 000F 002F 0010 0011 000F 0010 000F 0011 000F 0010 000F 0010 0010 0010 000F 0010 000F 0011 000F 0011 000F 0010 000F 0011 000F 0010 000F 0010 0010 0030 000F 0031 000F 0010 000F 0011 000F 0010 000F 0010 0010 0010 000F 0010 000F 0012 000F 0010 000F 0010 0010 0011 000F 0031 000F 0030 000F 0011 000F 0010 000F 0010 0010 0011 000F 0010 000F 0011 000F 0010 000F 0010 0010 0010 000F 0030 000F 0010 000F 0011 000F 0011 000F 0010 000F 0010 0010 0010 000F 0010 000F 0012 000F 0010 000F 0010 0010 0010 000F 0010 000F 0011 000F 0030 000F 0031 000F 0010 0010 0010 000F 0010 000F 0011 000F 0010 000F 0011 0010 0011 000F 0030 0010 0010 000F 0010 000F 0011 000F 0030 0010 0011 000F 0010 000F 0031 000F 0010 000F 0031 000F 0031 000F 0030 0010 0010 000F 0010 000F 0011 000F 0030 0010 0030 0010 0392

TEMPERATURE HOTTER
sendir,2:1,1,36000,1,1,125,64,15,49,15,17,15,17,16,17,15,49,15,17,15,17,16,17,15,17,15,49,15,17,15,49,15,49,15,17,15,49,15,49,15,48,15,49,15,49,15,17,15,18,15,48,15,18,15,17,15,17,16,17,15,17,15,18,15,17,15,17,16,17,15,17,15,49,15,17,15,49,15,17,16,17,15,17,15,49,15,49,15,17,15,17,16,17,15,17,15,49,15,17,16,48,15,18,15,48,15,18,15,904
0000 0073 0000 0034 007D 0040 000F 0031 000F 0011 000F 0011 0010 0011 000F 0031 000F 0011 000F 0011 0010 0011 000F 0011 000F 0031 000F 0011 000F 0031 000F 0031 000F 0011 000F 0031 000F 0031 000F 0030 000F 0031 000F 0031 000F 0011 000F 0012 000F 0030 000F 0012 000F 0011 000F 0011 0010 0011 000F 0011 000F 0012 000F 0011 000F 0011 0010 0011 000F 0011 000F 0031 000F 0011 000F 0031 000F 0011 0010 0011 000F 0011 000F 0031 000F 0031 000F 0011 000F 0011 0010 0011 000F 0011 000F 0031 000F 0011 0010 0030 000F 0012 000F 0030 000F 0012 000F 0388

=============

Daikin FTE Series

TEMP DOWN
sendir,2:1,1,33000,1,1,166,72,12,59,12,24,12,24,12,24,12,59,12,24,12,24,12,24,11,25,11,60,11,25,11,60,11,60,12,24,11,60,12,59,12,59,12,59,12,59,12,24,12,24,12,59,12,24,12,24,12,24,12,24,12,24,11,25,11,60,11,60,12,59,12,59,12,59,12,24,12,59,12,59,12,24,12,24,12,24,12,24,12,24,11,25,11,25,11,25,11,24,12,24,12,24,12,24,12,59,12,59,12,60,11,60,11,25,11,24,12,24,12,24,12,3419
0000 007F 0000 003A 00A6 0048 000C 003B 000C 0018 000C 0018 000C 0018 000C 003B 000C 0018 000C 0018 000C 0018 000B 0019 000B 003C 000B 0019 000B 003C 000B 003C 000C 0018 000B 003C 000C 003B 000C 003B 000C 003B 000C 003B 000C 0018 000C 0018 000C 003B 000C 0018 000C 0018 000C 0018 000C 0018 000C 0018 000B 0019 000B 003C 000B 003C 000C 003B 000C 003B 000C 003B 000C 0018 000C 003B 000C 003B 000C 0018 000C 0018 000C 0018 000C 0018 000C 0018 000B 0019 000B 0019 000B 0019 000B 0018 000C 0018 000C 0018 000C 0018 000C 003B 000C 003B 000C 003C 000B 003C 000B 0019 000B 0018 000C 0018 000C 0018 000C 0D5B

TEMP UP
sendir,2:1,1,33000,1,1,167,72,11,60,11,26,11,25,11,26,11,60,11,26,11,24,12,24,12,24,12,59,12,25,12,59,12,60,11,24,12,61,11,60,11,60,11,60,11,60,12,24,11,26,11,60,11,25,11,25,11,25,11,24,12,24,12,24,12,60,12,59,12,61,11,60,11,60,11,26,11,60,11,60,12,24,11,25,11,25,11,25,11,24,12,24,12,25,12,24,12,25,12,24,12,24,11,25,11,60,11,61,12,59,12,60,12,24,12,25,12,24,11,25,11,3448
0000 007E 0000 003A 00A7 0048 000B 003C 000B 001A 000B 0019 000B 001A 000B 003C 000B 001A 000B 0018 000C 0018 000C 0018 000C 003B 000C 0019 000C 003B 000C 003C 000B 0018 000C 003D 000B 003C 000B 003C 000B 003C 000B 003C 000C 0018 000B 001A 000B 003C 000B 0019 000B 0019 000B 0019 000B 0018 000C 0018 000C 0018 000C 003C 000C 003B 000C 003D 000B 003C 000B 003C 000B 001A 000B 003C 000B 003C 000C 0018 000B 0019 000B 0019 000B 0019 000B 0018 000C 0018 000C 0019 000C 0018 000C 0019 000C 0018 000C 0018 000B 0019 000B 003C 000B 003D 000C 003B 000C 003C 000C 0018 000C 0019 000C 0018 000B 0019 000B 0D78

=============

Sharp FU 40SE K

AUTO FAN SPEED
sendir,2:1,1,38000,1,1,126,65,16,16,16,49,15,17,15,50,15,16,16,49,16,16,15,50,15,17,15,49,16,16,16,49,15,49,16,16,16,49,16,16,15,50,15,49,16,49,15,50,15,17,15,16,16,49,16,49,15,17,15,49,16,16,16,16,16,49,15,17,15,17,15,16,16,16,16,49,16,16,15,50,15,49,16,49,15,17,15,17,15,49,16,49,16,16,15,17,15,50,15,16,16,49,16,16,15,756
0000 006E 0000 0032 007E 0041 0010 0010 0010 0031 000F 0011 000F 0032 000F 0010 0010 0031 0010 0010 000F 0032 000F 0011 000F 0031 0010 0010 0010 0031 000F 0031 0010 0010 0010 0031 0010 0010 000F 0032 000F 0031 0010 0031 000F 0032 000F 0011 000F 0010 0010 0031 0010 0031 000F 0011 000F 0031 0010 0010 0010 0010 0010 0031 000F 0011 000F 0011 000F 0010 0010 0010 0010 0031 0010 0010 000F 0032 000F 0031 0010 0031 000F 0011 000F 0011 000F 0031 0010 0031 0010 0010 000F 0011 000F 0032 000F 0010 0010 0031 0010 0010 000F 02F4

AUTO PLASMA
sendir,2:1,1,38000,1,1,127,65,15,16,16,49,16,17,15,50,15,17,15,49,16,17,16,49,15,17,15,49,16,17,16,49,15,50,15,16,16,49,16,16,15,50,15,49,16,49,16,49,15,17,15,17,15,49,16,49,15,17,15,49,16,16,16,16,16,49,15,17,15,17,15,17,15,16,16,16,16,17,16,17,16,49,15,49,16,16,16,17,16,49,15,50,15,16,16,16,16,49,16,49,15,49,16,49,16,762
0000 006E 0000 0032 007F 0041 000F 0010 0010 0031 0010 0011 000F 0032 000F 0011 000F 0031 0010 0011 0010 0031 000F 0011 000F 0031 0010 0011 0010 0031 000F 0032 000F 0010 0010 0031 0010 0010 000F 0032 000F 0031 0010 0031 0010 0031 000F 0011 000F 0011 000F 0031 0010 0031 000F 0011 000F 0031 0010 0010 0010 0010 0010 0031 000F 0011 000F 0011 000F 0011 000F 0010 0010 0010 0010 0011 0010 0011 0010 0031 000F 0031 0010 0010 0010 0011 0010 0031 000F 0032 000F 0010 0010 0010 0010 0031 0010 0031 000F 0031 0010 0031 0010 02FA

FAN SPEED
sendir,2:1,1,38000,1,1,127,65,15,17,15,49,16,16,16,49,15,17,15,50,16,16,16,49,15,17,15,50,15,17,16,49,16,49,15,17,15,50,16,16,16,49,15,50,15,49,16,49,15,17,15,17,15,50,16,49,16,16,15,50,15,17,15,17,16,49,16,16,15,17,15,17,15,17,15,17,15,49,16,49,15,50,15,17,16,17,16,16,16,49,15,50,15,17,16,17,16,49,16,16,15,17,15,17,15,761
0000 006E 0000 0032 007F 0041 000F 0011 000F 0031 0010 0010 0010 0031 000F 0011 000F 0032 0010 0010 0010 0031 000F 0011 000F 0032 000F 0011 0010 0031 0010 0031 000F 0011 000F 0032 0010 0010 0010 0031 000F 0032 000F 0031 0010 0031 000F 0011 000F 0011 000F 0032 0010 0031 0010 0010 000F 0032 000F 0011 000F 0011 0010 0031 0010 0010 000F 0011 000F 0011 000F 0011 000F 0011 000F 0031 0010 0031 000F 0032 000F 0011 0010 0011 0010 0010 0010 0031 000F 0032 000F 0011 0010 0011 0010 0031 0010 0010 000F 0011 000F 0011 000F 02F9

MAX FAN SPEED
sendir,2:1,1,38000,1,1,127,65,15,17,16,49,16,16,15,50,15,17,15,49,16,16,16,49,15,17,15,50,16,16,16,49,15,50,15,16,16,49,16,16,16,49,15,49,16,49,16,49,15,17,15,17,15,49,16,49,15,17,15,50,16,17,16,16,16,49,15,17,15,17,15,17,15,49,16,16,16,49,15,50,15,49,16,16,16,16,15,17,15,50,15,49,16,16,16,16,15,17,15,17,15,17,15,17,15,763
0000 006E 0000 0032 007F 0041 000F 0011 0010 0031 0010 0010 000F 0032 000F 0011 000F 0031 0010 0010 0010 0031 000F 0011 000F 0032 0010 0010 0010 0031 000F 0032 000F 0010 0010 0031 0010 0010 0010 0031 000F 0031 0010 0031 0010 0031 000F 0011 000F 0011 000F 0031 0010 0031 000F 0011 000F 0032 0010 0011 0010 0010 0010 0031 000F 0011 000F 0011 000F 0011 000F 0031 0010 0010 0010 0031 000F 0032 000F 0031 0010 0010 0010 0010 000F 0011 000F 0032 000F 0031 0010 0010 0010 0010 000F 0011 000F 0011 000F 0011 000F 0011 000F 02FB

MIN FAN SPEED
sendir,2:1,1,38000,1,1,127,65,16,17,16,49,15,17,15,49,16,17,16,49,15,17,15,49,16,16,16,50,16,17,15,50,15,49,16,17,16,49,15,17,15,49,16,50,16,49,15,49,16,16,16,17,16,49,15,50,15,16,16,49,16,17,16,17,15,50,15,17,15,16,16,17,16,17,16,49,15,17,15,49,16,50,16,17,15,17,15,17,15,49,16,50,16,17,15,17,15,50,15,49,16,49,15,17,15,761
0000 006E 0000 0032 007F 0041 0010 0011 0010 0031 000F 0011 000F 0031 0010 0011 0010 0031 000F 0011 000F 0031 0010 0010 0010 0032 0010 0011 000F 0032 000F 0031 0010 0011 0010 0031 000F 0011 000F 0031 0010 0032 0010 0031 000F 0031 0010 0010 0010 0011 0010 0031 000F 0032 000F 0010 0010 0031 0010 0011 0010 0011 000F 0032 000F 0011 000F 0010 0010 0011 0010 0011 0010 0031 000F 0011 000F 0031 0010 0032 0010 0011 000F 0011 000F 0011 000F 0031 0010 0032 0010 0011 000F 0011 000F 0032 000F 0031 0010 0031 000F 0011 000F 02F9

PLASMA MINUS
sendir,2:1,1,38000,1,1,126,65,15,17,15,50,15,16,16,49,16,16,15,50,15,17,15,49,16,16,16,49,15,17,15,49,16,49,16,16,15,50,15,16,16,49,16,49,15,50,15,49,16,16,16,16,15,50,15,49,16,16,16,49,15,17,15,17,15,49,16,16,16,16,16,16,15,50,15,49,16,49,16,16,15,17,15,49,16,16,16,16,16,49,15,50,15,17,15,16,16,49,16,16,15,17,15,50,15,756
0000 006E 0000 0032 007E 0041 000F 0011 000F 0032 000F 0010 0010 0031 0010 0010 000F 0032 000F 0011 000F 0031 0010 0010 0010 0031 000F 0011 000F 0031 0010 0031 0010 0010 000F 0032 000F 0010 0010 0031 0010 0031 000F 0032 000F 0031 0010 0010 0010 0010 000F 0032 000F 0031 0010 0010 0010 0031 000F 0011 000F 0011 000F 0031 0010 0010 0010 0010 0010 0010 000F 0032 000F 0031 0010 0031 0010 0010 000F 0011 000F 0031 0010 0010 0010 0010 0010 0031 000F 0032 000F 0011 000F 0010 0010 0031 0010 0010 000F 0011 000F 0032 000F 02F4

PLASMA OFF
sendir,2:1,1,38000,1,1,127,65,16,17,16,49,15,17,15,50,15,16,16,49,16,17,15,50,15,17,15,49,16,17,16,49,15,49,16,16,16,49,16,16,15,50,15,49,16,49,15,50,15,17,15,16,16,49,16,49,15,17,15,49,16,16,16,17,16,49,15,17,15,17,15,16,16,49,16,16,15,17,15,17,15,49,16,49,16,17,16,16,15,50,15,49,16,17,16,17,16,16,15,50,15,49,16,50,15,761
0000 006E 0000 0032 007F 0041 0010 0011 0010 0031 000F 0011 000F 0032 000F 0010 0010 0031 0010 0011 000F 0032 000F 0011 000F 0031 0010 0011 0010 0031 000F 0031 0010 0010 0010 0031 0010 0010 000F 0032 000F 0031 0010 0031 000F 0032 000F 0011 000F 0010 0010 0031 0010 0031 000F 0011 000F 0031 0010 0010 0010 0011 0010 0031 000F 0011 000F 0011 000F 0010 0010 0031 0010 0010 000F 0011 000F 0011 000F 0031 0010 0031 0010 0011 0010 0010 000F 0032 000F 0031 0010 0011 0010 0011 0010 0010 000F 0032 000F 0031 0010 0032 000F 02F9

PLASMA PLUS
sendir,2:1,1,38000,1,1,127,65,15,17,15,49,16,16,16,49,15,17,15,49,16,16,16,49,15,17,15,50,16,16,16,49,15,50,15,17,15,49,16,16,16,49,15,50,15,49,16,49,15,17,15,17,15,49,16,49,15,17,15,50,15,17,16,16,16,49,16,16,15,17,15,17,15,17,15,17,16,16,16,16,16,49,15,17,15,17,15,17,15,49,16,49,15,17,15,17,15,50,16,16,16,49,15,50,15,761
0000 006E 0000 0032 007F 0041 000F 0011 000F 0031 0010 0010 0010 0031 000F 0011 000F 0031 0010 0010 0010 0031 000F 0011 000F 0032 0010 0010 0010 0031 000F 0032 000F 0011 000F 0031 0010 0010 0010 0031 000F 0032 000F 0031 0010 0031 000F 0011 000F 0011 000F 0031 0010 0031 000F 0011 000F 0032 000F 0011 0010 0010 0010 0031 0010 0010 000F 0011 000F 0011 000F 0011 000F 0011 0010 0010 0010 0010 0010 0031 000F 0011 000F 0011 000F 0011 000F 0031 0010 0031 000F 0011 000F 0011 000F 0032 0010 0010 0010 0031 000F 0032 000F 02F9

POLLEN MODE
sendir,2:1,1,38000,1,1,127,65,15,17,15,49,16,16,16,49,15,17,15,49,16,17,16,49,15,17,15,49,16,16,16,49,16,49,15,17,15,49,16,17,16,49,15,50,15,49,16,49,15,17,15,17,15,49,16,49,16,16,15,50,15,16,16,16,16,49,16,16,15,17,15,17,15,49,16,49,16,17,15,50,15,49,16,49,15,17,15,17,15,49,16,49,16,17,16,16,15,17,15,17,15,49,16,16,16,761
0000 006E 0000 0032 007F 0041 000F 0011 000F 0031 0010 0010 0010 0031 000F 0011 000F 0031 0010 0011 0010 0031 000F 0011 000F 0031 0010 0010 0010 0031 0010 0031 000F 0011 000F 0031 0010 0011 0010 0031 000F 0032 000F 0031 0010 0031 000F 0011 000F 0011 000F 0031 0010 0031 0010 0010 000F 0032 000F 0010 0010 0010 0010 0031 0010 0010 000F 0011 000F 0011 000F 0031 0010 0031 0010 0011 000F 0032 000F 0031 0010 0031 000F 0011 000F 0011 000F 0031 0010 0031 0010 0011 0010 0010 000F 0011 000F 0011 000F 0031 0010 0010 0010 02F9

POWER ON
sendir,2:1,1,38000,1,1,126,65,15,17,15,50,15,17,15,50,15,17,15,50,15,17,15,50,15,17,15,50,15,17,15,50,15,50,15,17,15,50,15,17,15,50,15,50,15,50,15,50,15,17,15,17,15,50,15,50,15,17,15,50,15,17,15,17,15,50,15,17,15,17,15,17,15,50,15,17,15,50,15,50,15,17,15,50,15,17,15,17,15,50,15,50,15,17,15,17,15,50,15,50,15,17,15,17,15,763
0000 006E 0000 0032 007E 0041 000F 0011 000F 0032 000F 0011 000F 0032 000F 0011 000F 0032 000F 0011 000F 0032 000F 0011 000F 0032 000F 0011 000F 0032 000F 0032 000F 0011 000F 0032 000F 0011 000F 0032 000F 0032 000F 0032 000F 0032 000F 0011 000F 0011 000F 0032 000F 0032 000F 0011 000F 0032 000F 0011 000F 0011 000F 0032 000F 0011 000F 0011 000F 0011 000F 0032 000F 0011 000F 0032 000F 0032 000F 0011 000F 0032 000F 0011 000F 0011 000F 0032 000F 0032 000F 0011 000F 0011 000F 0032 000F 0032 000F 0011 000F 0011 000F 02FB

TIMER
sendir,2:1,1,38000,1,1,127,65,15,17,15,49,16,16,16,49,15,17,15,50,16,16,16,49,15,17,15,50,15,17,16,49,16,49,15,17,15,49,16,16,16,49,15,50,15,49,16,49,15,17,15,17,15,50,16,49,16,16,15,50,15,17,15,17,16,49,16,16,15,17,15,17,15,17,15,17,15,17,16,16,16,16,16,49,15,17,15,17,15,49,16,49,15,17,15,17,15,17,15,49,16,49,15,50,15,763
0000 006E 0000 0032 007F 0041 000F 0011 000F 0031 0010 0010 0010 0031 000F 0011 000F 0032 0010 0010 0010 0031 000F 0011 000F 0032 000F 0011 0010 0031 0010 0031 000F 0011 000F 0031 0010 0010 0010 0031 000F 0032 000F 0031 0010 0031 000F 0011 000F 0011 000F 0032 0010 0031 0010 0010 000F 0032 000F 0011 000F 0011 0010 0031 0010 0010 000F 0011 000F 0011 000F 0011 000F 0011 000F 0011 0010 0010 0010 0010 0010 0031 000F 0011 000F 0011 000F 0031 0010 0031 000F 0011 000F 0011 000F 0011 000F 0031 0010 0031 000F 0032 000F 02FB

TOBACCO MODE
sendir,2:1,1,38000,1,1,127,65,15,16,16,50,16,17,15,50,15,17,15,49,16,17,16,49,15,17,15,49,16,17,16,49,15,50,15,16,16,50,16,17,15,50,15,49,16,50,16,49,15,17,15,17,15,49,16,49,15,17,15,49,16,16,16,17,16,49,15,17,15,17,15,17,15,49,16,49,15,17,15,49,16,49,16,17,16,17,15,17,15,50,15,49,16,17,16,17,15,17,15,50,15,49,16,17,16,763
0000 006E 0000 0032 007F 0041 000F 0010 0010 0032 0010 0011 000F 0032 000F 0011 000F 0031 0010 0011 0010 0031 000F 0011 000F 0031 0010 0011 0010 0031 000F 0032 000F 0010 0010 0032 0010 0011 000F 0032 000F 0031 0010 0032 0010 0031 000F 0011 000F 0011 000F 0031 0010 0031 000F 0011 000F 0031 0010 0010 0010 0011 0010 0031 000F 0011 000F 0011 000F 0011 000F 0031 0010 0031 000F 0011 000F 0031 0010 0031 0010 0011 0010 0011 000F 0011 000F 0032 000F 0031 0010 0011 0010 0011 000F 0011 000F 0032 000F 0031 0010 0011 0010 02FB
=============

Sharp AH AP18LMT

POWER TOGGLE
sendir,2:1,1,38000,1,1,126,65,15,17,15,49,16,16,16,49,15,17,15,49,16,16,16,49,15,17,15,50,15,16,16,49,16,49,15,17,15,49,16,16,16,49,15,50,15,49,16,49,15,17,15,17,15,49,16,49,16,16,15,17,15,17,15,17,15,49,16,16,16,16,16,16,15,17,15,50,15,16,16,49,16,49,15,17,15,17,15,16,16,49,16,16,15,17,15,17,15,49,16,49,16,49,15,17,15,755
0000 006E 0000 0032 007E 0041 000F 0011 000F 0031 0010 0010 0010 0031 000F 0011 000F 0031 0010 0010 0010 0031 000F 0011 000F 0032 000F 0010 0010 0031 0010 0031 000F 0011 000F 0031 0010 0010 0010 0031 000F 0032 000F 0031 0010 0031 000F 0011 000F 0011 000F 0031 0010 0031 0010 0010 000F 0011 000F 0011 000F 0011 000F 0031 0010 0010 0010 0010 0010 0010 000F 0011 000F 0032 000F 0010 0010 0031 0010 0031 000F 0011 000F 0011 000F 0010 0010 0031 0010 0010 000F 0011 000F 0011 000F 0031 0010 0031 0010 0031 000F 0011 000F 02F3

SELECTOR
sendir,2:1,1,38000,1,1,127,65,16,17,16,49,15,17,15,49,16,16,16,49,15,17,15,49,16,16,16,49,16,17,15,50,15,49,16,17,16,50,15,17,15,49,16,49,16,49,15,49,16,16,16,16,16,49,15,50,15,16,16,16,16,16,16,17,16,50,15,17,15,17,15,16,16,16,16,16,16,49,15,50,15,49,16,16,16,17,16,17,15,50,15,16,16,16,16,16,16,49,15,17,15,17,15,17,15,761
0000 006E 0000 0032 007F 0041 0010 0011 0010 0031 000F 0011 000F 0031 0010 0010 0010 0031 000F 0011 000F 0031 0010 0010 0010 0031 0010 0011 000F 0032 000F 0031 0010 0011 0010 0032 000F 0011 000F 0031 0010 0031 0010 0031 000F 0031 0010 0010 0010 0010 0010 0031 000F 0032 000F 0010 0010 0010 0010 0010 0010 0011 0010 0032 000F 0011 000F 0011 000F 0010 0010 0010 0010 0010 0010 0031 000F 0032 000F 0031 0010 0010 0010 0011 0010 0011 000F 0032 000F 0010 0010 0010 0010 0010 0010 0031 000F 0011 000F 0011 000F 0011 000F 02F9

SET TIMER
sendir,2:1,1,38000,1,1,127,65,15,17,15,50,15,16,16,49,16,17,15,50,15,17,15,49,16,17,16,50,15,17,15,49,16,49,16,17,15,50,15,16,16,49,16,49,15,50,15,49,16,16,16,17,15,50,15,49,16,16,16,17,16,16,15,17,15,50,15,16,16,16,16,16,16,50,15,17,15,17,15,49,16,49,16,17,15,17,15,17,15,49,16,16,16,17,16,17,16,17,15,17,15,49,16,16,16,761
0000 006E 0000 0032 007F 0041 000F 0011 000F 0032 000F 0010 0010 0031 0010 0011 000F 0032 000F 0011 000F 0031 0010 0011 0010 0032 000F 0011 000F 0031 0010 0031 0010 0011 000F 0032 000F 0010 0010 0031 0010 0031 000F 0032 000F 0031 0010 0010 0010 0011 000F 0032 000F 0031 0010 0010 0010 0011 0010 0010 000F 0011 000F 0032 000F 0010 0010 0010 0010 0010 0010 0032 000F 0011 000F 0011 000F 0031 0010 0031 0010 0011 000F 0011 000F 0011 000F 0031 0010 0010 0010 0011 0010 0011 0010 0011 000F 0011 000F 0031 0010 0010 0010 02F9

SLEEP
sendir,2:1,1,38000,1,1,126,65,15,17,15,49,16,16,16,49,15,17,15,49,16,16,16,49,15,17,15,50,15,16,16,49,16,49,15,17,15,49,16,16,16,49,15,50,15,49,16,49,15,17,15,17,15,49,16,49,16,16,15,17,15,17,15,17,15,49,16,16,16,16,16,16,15,17,15,50,15,16,16,49,16,16,15,50,15,17,15,16,16,49,16,16,16,16,15,17,15,17,15,17,15,49,16,16,16,755
0000 006E 0000 0032 007E 0041 000F 0011 000F 0031 0010 0010 0010 0031 000F 0011 000F 0031 0010 0010 0010 0031 000F 0011 000F 0032 000F 0010 0010 0031 0010 0031 000F 0011 000F 0031 0010 0010 0010 0031 000F 0032 000F 0031 0010 0031 000F 0011 000F 0011 000F 0031 0010 0031 0010 0010 000F 0011 000F 0011 000F 0011 000F 0031 0010 0010 0010 0010 0010 0010 000F 0011 000F 0032 000F 0010 0010 0031 0010 0010 000F 0032 000F 0011 000F 0010 0010 0031 0010 0010 0010 0010 000F 0011 000F 0011 000F 0011 000F 0031 0010 0010 0010 02F3

TEMP DOWN
sendir,2:1,1,38000,1,1,127,65,16,16,16,49,15,17,15,50,15,16,16,49,16,17,15,50,15,17,15,49,16,16,16,49,15,49,16,16,16,49,16,17,15,50,15,49,16,49,15,50,15,17,15,16,16,49,16,49,15,17,15,17,15,16,16,16,16,49,15,17,15,17,15,17,15,17,15,16,16,16,16,49,15,50,15,17,15,16,16,16,16,49,16,16,15,17,15,17,15,49,16,16,16,49,15,17,15,761
0000 006E 0000 0032 007F 0041 0010 0010 0010 0031 000F 0011 000F 0032 000F 0010 0010 0031 0010 0011 000F 0032 000F 0011 000F 0031 0010 0010 0010 0031 000F 0031 0010 0010 0010 0031 0010 0011 000F 0032 000F 0031 0010 0031 000F 0032 000F 0011 000F 0010 0010 0031 0010 0031 000F 0011 000F 0011 000F 0010 0010 0010 0010 0031 000F 0011 000F 0011 000F 0011 000F 0011 000F 0010 0010 0010 0010 0031 000F 0032 000F 0011 000F 0010 0010 0010 0010 0031 0010 0010 000F 0011 000F 0011 000F 0031 0010 0010 0010 0031 000F 0011 000F 02F9

TEMP UP
sendir,2:1,1,38000,1,1,127,65,16,16,15,50,15,16,16,49,16,16,16,49,15,17,15,49,16,16,16,49,15,17,15,50,16,49,16,16,15,50,15,17,15,49,16,49,15,50,15,49,16,16,16,16,16,49,15,49,16,16,16,16,16,16,16,16,15,50,15,17,15,17,16,16,16,49,15,50,15,17,15,49,16,49,15,17,15,17,15,17,15,49,16,16,16,16,16,16,15,17,15,49,16,49,16,16,15,761
0000 006E 0000 0032 007F 0041 0010 0010 000F 0032 000F 0010 0010 0031 0010 0010 0010 0031 000F 0011 000F 0031 0010 0010 0010 0031 000F 0011 000F 0032 0010 0031 0010 0010 000F 0032 000F 0011 000F 0031 0010 0031 000F 0032 000F 0031 0010 0010 0010 0010 0010 0031 000F 0031 0010 0010 0010 0010 0010 0010 0010 0010 000F 0032 000F 0011 000F 0011 0010 0010 0010 0031 000F 0032 000F 0011 000F 0031 0010 0031 000F 0011 000F 0011 000F 0011 000F 0031 0010 0010 0010 0010 0010 0010 000F 0011 000F 0031 0010 0031 0010 0010 000F 02F9

=============

Sharp AF S85RX

AC MODE
sendir,2:1,1,38000,1,69,341,171,22,21,22,21,21,22,21,64,21,21,22,21,22,21,21,21,22,63,22,21,22,63,22,21,21,64,21,64,21,64,21,64,21,64,21,21,22,21,22,63,22,21,21,21,22,21,22,21,22,21,21,64,21,64,21,21,22,63,22,63,22,63,22,63,22,1568,342,85,22,1568
0000 006D 0022 0002 0155 00AB 0016 0015 0016 0015 0015 0016 0015 0040 0015 0015 0016 0015 0016 0015 0015 0015 0016 003F 0016 0015 0016 003F 0016 0015 0015 0040 0015 0040 0015 0040 0015 0040 0015 0040 0015 0015 0016 0015 0016 003F 0016 0015 0015 0015 0016 0015 0016 0015 0016 0015 0015 0040 0015 0040 0015 0015 0016 003F 0016 003F 0016 003F 0016 003F 0016 0620 0156 0055 0016 0620

AUTO COOL
sendir,2:1,1,38000,1,69,342,171,21,21,22,21,22,21,21,64,21,22,21,21,22,21,22,21,21,64,21,21,22,63,22,21,22,63,22,63,22,63,22,63,22,63,22,63,22,63,22,63,22,21,21,21,22,21,22,21,21,21,22,21,22,21,22,21,21,64,21,64,21,64,21,64,21,1568,341,85,22,1568
0000 006D 0022 0002 0156 00AB 0015 0015 0016 0015 0016 0015 0015 0040 0015 0016 0015 0015 0016 0015 0016 0015 0015 0040 0015 0015 0016 003F 0016 0015 0016 003F 0016 003F 0016 003F 0016 003F 0016 003F 0016 003F 0016 003F 0016 003F 0016 0015 0015 0015 0016 0015 0016 0015 0015 0015 0016 0015 0016 0015 0016 0015 0015 0040 0015 0040 0015 0040 0015 0040 0015 0620 0155 0055 0016 0620

ENERGY SAVER
sendir,2:1,1,38000,1,69,341,171,22,21,22,21,21,21,22,63,22,21,22,21,21,22,21,21,22,63,22,21,22,63,22,21,21,64,21,64,21,64,21,64,21,21,22,63,22,21,22,21,21,21,22,21,22,21,21,22,21,63,22,21,22,63,22,63,22,63,22,63,22,63,22,63,22,1566,342,85,22,1566
0000 006D 0022 0002 0155 00AB 0016 0015 0016 0015 0015 0015 0016 003F 0016 0015 0016 0015 0015 0016 0015 0015 0016 003F 0016 0015 0016 003F 0016 0015 0015 0040 0015 0040 0015 0040 0015 0040 0015 0015 0016 003F 0016 0015 0016 0015 0015 0015 0016 0015 0016 0015 0015 0016 0015 003F 0016 0015 0016 003F 0016 003F 0016 003F 0016 003F 0016 003F 0016 003F 0016 061E 0156 0055 0016 061E

FAN FASTER
sendir,2:1,1,38000,1,69,342,171,22,21,21,21,22,21,22,63,22,21,21,22,21,21,22,21,22,63,22,21,21,64,21,21,22,63,22,63,22,63,22,63,22,63,22,21,22,21,21,21,22,21,22,21,21,21,22,21,22,21,22,63,22,63,22,63,22,63,22,63,22,63,21,64,21,1569,342,85,21,1569
0000 006D 0022 0002 0156 00AB 0016 0015 0015 0015 0016 0015 0016 003F 0016 0015 0015 0016 0015 0015 0016 0015 0016 003F 0016 0015 0015 0040 0015 0015 0016 003F 0016 003F 0016 003F 0016 003F 0016 003F 0016 0015 0016 0015 0015 0015 0016 0015 0016 0015 0015 0015 0016 0015 0016 0015 0016 003F 0016 003F 0016 003F 0016 003F 0016 003F 0016 003F 0015 0040 0015 0621 0156 0055 0015 0621

FAN MODE
sendir,2:1,1,38000,1,69,341,172,21,21,22,21,22,21,21,64,21,21,22,21,22,21,21,21,22,63,22,21,22,63,22,21,21,64,21,64,21,64,21,64,21,64,21,64,21,64,21,21,22,21,22,21,22,21,21,21,22,21,22,21,21,21,22,63,22,63,22,63,22,63,22,63,22,1567,341,85,22,1567
0000 006D 0022 0002 0155 00AC 0015 0015 0016 0015 0016 0015 0015 0040 0015 0015 0016 0015 0016 0015 0015 0015 0016 003F 0016 0015 0016 003F 0016 0015 0015 0040 0015 0040 0015 0040 0015 0040 0015 0040 0015 0040 0015 0040 0015 0015 0016 0015 0016 0015 0016 0015 0015 0015 0016 0015 0016 0015 0015 0015 0016 003F 0016 003F 0016 003F 0016 003F 0016 003F 0016 061F 0155 0055 0016 061F

FAN SLOWER
sendir,2:1,1,38000,1,69,341,171,22,21,22,21,21,21,22,63,22,21,22,21,21,21,22,21,22,63,22,21,21,64,21,22,21,64,21,63,22,63,22,63,22,21,22,21,22,63,22,21,21,21,22,21,22,21,21,21,22,63,22,63,22,21,22,63,22,63,22,63,22,63,22,63,22,1569,342,85,21,1569
0000 006D 0022 0002 0155 00AB 0016 0015 0016 0015 0015 0015 0016 003F 0016 0015 0016 0015 0015 0015 0016 0015 0016 003F 0016 0015 0015 0040 0015 0016 0015 0040 0015 003F 0016 003F 0016 003F 0016 0015 0016 0015 0016 003F 0016 0015 0015 0015 0016 0015 0016 0015 0015 0015 0016 003F 0016 003F 0016 0015 0016 003F 0016 003F 0016 003F 0016 003F 0016 003F 0016 0621 0156 0055 0015 0621

POWER TOGGLE
sendir,2:1,1,38000,1,69,342,171,22,21,21,21,22,21,22,63,22,21,21,21,22,21,22,21,22,63,22,21,21,64,21,21,22,63,22,63,22,63,22,63,22,63,22,21,22,21,21,21,22,63,22,21,22,21,21,21,22,21,22,63,22,63,22,63,22,21,21,64,21,64,21,64,21,1569,342,84,22,1569
0000 006D 0022 0002 0156 00AB 0016 0015 0015 0015 0016 0015 0016 003F 0016 0015 0015 0015 0016 0015 0016 0015 0016 003F 0016 0015 0015 0040 0015 0015 0016 003F 0016 003F 0016 003F 0016 003F 0016 003F 0016 0015 0016 0015 0015 0015 0016 003F 0016 0015 0016 0015 0015 0015 0016 0015 0016 003F 0016 003F 0016 003F 0016 0015 0015 0040 0015 0040 0015 0040 0015 0621 0156 0054 0016 0621

TEMP COOLER
sendir,2:1,1,38000,1,69,342,171,22,21,21,22,21,21,22,63,22,21,22,21,21,21,22,21,22,63,22,21,21,64,21,21,22,63,22,63,22,63,22,63,22,63,22,21,22,63,22,63,22,21,21,21,22,21,22,21,22,21,21,64,21,21,22,21,22,63,22,63,22,63,22,63,22,1570,342,85,21,1570
0000 006D 0022 0002 0156 00AB 0016 0015 0015 0016 0015 0015 0016 003F 0016 0015 0016 0015 0015 0015 0016 0015 0016 003F 0016 0015 0015 0040 0015 0015 0016 003F 0016 003F 0016 003F 0016 003F 0016 003F 0016 0015 0016 003F 0016 003F 0016 0015 0015 0015 0016 0015 0016 0015 0016 0015 0015 0040 0015 0015 0016 0015 0016 003F 0016 003F 0016 003F 0016 003F 0016 0622 0156 0055 0015 0622

TEMP HOTTER
sendir,2:1,1,38000,1,69,342,171,22,21,21,21,22,21,22,63,22,21,21,21,22,21,22,21,21,64,21,22,21,63,22,21,22,63,22,63,22,63,22,63,22,21,22,63,22,63,22,63,21,22,21,21,22,21,22,21,21,64,21,21,22,21,22,21,21,64,21,64,21,64,21,64,21,1569,341,85,22,1569
0000 006D 0022 0002 0156 00AB 0016 0015 0015 0015 0016 0015 0016 003F 0016 0015 0015 0015 0016 0015 0016 0015 0015 0040 0015 0016 0015 003F 0016 0015 0016 003F 0016 003F 0016 003F 0016 003F 0016 0015 0016 003F 0016 003F 0016 003F 0015 0016 0015 0015 0016 0015 0016 0015 0015 0040 0015 0015 0016 0015 0016 0015 0015 0040 0015 0040 0015 0040 0015 0040 0015 0621 0155 0055 0016 0621

TIMER
sendir,2:1,1,38000,1,69,342,171,21,22,21,21,22,21,22,63,22,21,21,21,22,21,22,21,21,64,21,21,22,63,22,21,22,63,22,63,22,63,22,63,22,21,21,64,21,64,21,21,22,21,22,21,22,21,21,21,22,63,22,21,22,21,21,64,21,64,21,64,21,64,21,64,21,1569,341,85,22,1569
0000 006D 0022 0002 0156 00AB 0015 0016 0015 0015 0016 0015 0016 003F 0016 0015 0015 0015 0016 0015 0016 0015 0015 0040 0015 0015 0016 003F 0016 0015 0016 003F 0016 003F 0016 003F 0016 003F 0016 0015 0015 0040 0015 0040 0015 0015 0016 0015 0016 0015 0016 0015 0015 0015 0016 003F 0016 0015 0016 0015 0015 0040 0015 0040 0015 0040 0015 0040 0015 0040 0015 0621 0155 0055 0016 0621

=============

Sanyo KS1251

CH UP
sendir,2:1,1,38000,1,69,341,171,22,21,22,21,21,21,22,63,22,21,22,21,21,21,22,21,22,63,22,21,22,63,22,21,21,64,21,64,21,64,21,64,21,64,21,21,22,21,22,21,21,64,21,21,22,21,22,21,21,21,22,63,22,63,22,63,22,21,22,63,22,63,22,63,22,1569,342,85,21,3651
0000 006D 0022 0002 0155 00AB 0016 0015 0016 0015 0015 0015 0016 003F 0016 0015 0016 0015 0015 0015 0016 0015 0016 003F 0016 0015 0016 003F 0016 0015 0015 0040 0015 0040 0015 0040 0015 0040 0015 0040 0015 0015 0016 0015 0016 0015 0015 0040 0015 0015 0016 0015 0016 0015 0015 0015 0016 003F 0016 003F 0016 003F 0016 0015 0016 003F 0016 003F 0016 003F 0016 0621 0156 0055 0015 0E43

COOL
sendir,2:1,1,38000,1,69,341,171,22,21,21,22,21,21,22,63,22,21,22,21,21,21,22,21,22,63,22,21,21,64,21,21,22,63,22,63,22,63,22,63,22,63,22,21,22,21,21,64,21,21,22,21,22,21,22,21,21,21,22,63,22,63,22,21,22,63,22,63,22,63,22,63,22,1568,341,85,22,3647
0000 006D 0022 0002 0155 00AB 0016 0015 0015 0016 0015 0015 0016 003F 0016 0015 0016 0015 0015 0015 0016 0015 0016 003F 0016 0015 0015 0040 0015 0015 0016 003F 0016 003F 0016 003F 0016 003F 0016 003F 0016 0015 0016 0015 0015 0040 0015 0015 0016 0015 0016 0015 0016 0015 0015 0015 0016 003F 0016 003F 0016 0015 0016 003F 0016 003F 0016 003F 0016 003F 0016 0620 0155 0055 0016 0E3F

ENERGY SAVER
sendir,2:1,1,38000,1,69,341,171,22,63,22,21,22,21,21,21,22,21,22,21,22,21,21,64,21,21,22,63,22,63,22,21,22,21,21,64,21,64,21,21,22,21,22,63,22,21,21,21,22,21,22,21,22,21,21,64,21,64,21,21,22,63,22,63,22,63,22,63,22,63,22,21,22,1612,342,85,22,3651
0000 006D 0022 0002 0155 00AB 0016 003F 0016 0015 0016 0015 0015 0015 0016 0015 0016 0015 0016 0015 0015 0040 0015 0015 0016 003F 0016 003F 0016 0015 0016 0015 0015 0040 0015 0040 0015 0015 0016 0015 0016 003F 0016 0015 0015 0015 0016 0015 0016 0015 0016 0015 0015 0040 0015 0040 0015 0015 0016 003F 0016 003F 0016 003F 0016 003F 0016 003F 0016 0015 0016 064C 0156 0055 0016 0E43

FAN ONLY
sendir,2:1,1,38000,1,69,342,171,21,21,22,21,22,21,21,64,21,21,22,21,22,21,21,22,21,64,21,21,22,63,22,21,22,63,22,63,22,63,22,63,22,63,22,63,22,63,22,21,21,21,22,21,22,21,21,21,22,21,22,21,21,21,22,63,22,63,22,63,22,63,22,63,22,1569,342,85,21,3651
0000 006D 0022 0002 0156 00AB 0015 0015 0016 0015 0016 0015 0015 0040 0015 0015 0016 0015 0016 0015 0015 0016 0015 0040 0015 0015 0016 003F 0016 0015 0016 003F 0016 003F 0016 003F 0016 003F 0016 003F 0016 003F 0016 003F 0016 0015 0015 0015 0016 0015 0016 0015 0015 0015 0016 0015 0016 0015 0015 0015 0016 003F 0016 003F 0016 003F 0016 003F 0016 003F 0016 0621 0156 0055 0015 0E43

HI
sendir,2:1,1,38000,1,69,342,171,22,21,22,21,21,21,22,63,22,21,22,21,22,21,21,21,22,63,22,21,22,63,22,21,21,64,21,64,21,64,21,64,21,21,22,21,22,21,21,21,22,21,22,21,21,22,21,21,22,63,22,63,22,63,22,63,22,63,22,63,22,63,22,63,22,1570,342,85,22,3652
0000 006D 0022 0002 0156 00AB 0016 0015 0016 0015 0015 0015 0016 003F 0016 0015 0016 0015 0016 0015 0015 0015 0016 003F 0016 0015 0016 003F 0016 0015 0015 0040 0015 0040 0015 0040 0015 0040 0015 0015 0016 0015 0016 0015 0015 0015 0016 0015 0016 0015 0015 0016 0015 0015 0016 003F 0016 003F 0016 003F 0016 003F 0016 003F 0016 003F 0016 003F 0016 003F 0016 0622 0156 0055 0016 0E44

LOW
sendir,2:1,1,38000,1,69,342,172,21,21,22,21,22,21,21,64,21,21,22,21,22,21,21,21,22,63,22,21,22,63,22,21,21,64,21,64,21,64,21,64,21,21,22,21,22,63,22,21,22,21,21,21,22,21,22,21,21,64,21,64,21,21,22,63,22,63,22,63,22,63,22,63,22,1571,342,85,21,3654
0000 006D 0022 0002 0156 00AC 0015 0015 0016 0015 0016 0015 0015 0040 0015 0015 0016 0015 0016 0015 0015 0015 0016 003F 0016 0015 0016 003F 0016 0015 0015 0040 0015 0040 0015 0040 0015 0040 0015 0015 0016 0015 0016 003F 0016 0015 0016 0015 0015 0015 0016 0015 0016 0015 0015 0040 0015 0040 0015 0015 0016 003F 0016 003F 0016 003F 0016 003F 0016 003F 0016 0623 0156 0055 0015 0E46

MEDIUM
sendir,2:1,1,38000,1,69,341,171,22,21,22,21,21,21,22,63,22,21,22,21,21,22,21,21,22,63,22,21,22,63,22,21,21,64,21,64,21,64,21,64,21,64,21,21,22,21,22,21,21,21,22,21,22,21,21,21,22,21,22,63,22,63,22,63,22,63,22,63,22,63,22,63,22,1569,342,85,22,3651
0000 006D 0022 0002 0155 00AB 0016 0015 0016 0015 0015 0015 0016 003F 0016 0015 0016 0015 0015 0016 0015 0015 0016 003F 0016 0015 0016 003F 0016 0015 0015 0040 0015 0040 0015 0040 0015 0040 0015 0040 0015 0015 0016 0015 0016 0015 0015 0015 0016 0015 0016 0015 0015 0015 0016 0015 0016 003F 0016 003F 0016 003F 0016 003F 0016 003F 0016 003F 0016 003F 0016 0621 0156 0055 0016 0E43

TEMP DOWN
sendir,2:1,1,38000,1,69,343,171,22,21,21,21,22,21,22,63,22,21,21,21,22,21,22,21,22,63,22,21,21,64,21,21,22,63,22,63,22,63,22,63,22,63,22,21,22,63,22,63,22,21,21,21,22,21,22,21,21,21,22,63,22,21,22,21,22,63,21,64,21,64,21,64,21,1570,342,85,21,3653
0000 006D 0022 0002 0157 00AB 0016 0015 0015 0015 0016 0015 0016 003F 0016 0015 0015 0015 0016 0015 0016 0015 0016 003F 0016 0015 0015 0040 0015 0015 0016 003F 0016 003F 0016 003F 0016 003F 0016 003F 0016 0015 0016 003F 0016 003F 0016 0015 0015 0015 0016 0015 0016 0015 0015 0015 0016 003F 0016 0015 0016 0015 0016 003F 0015 0040 0015 0040 0015 0040 0015 0622 0156 0055 0015 0E45

TEMP UP
sendir,2:1,1,38000,1,69,343,171,21,22,21,21,22,21,22,63,22,21,21,21,22,21,22,21,21,64,21,21,22,63,22,21,22,63,22,63,22,63,22,63,22,21,21,64,21,64,21,64,21,21,22,21,22,21,22,21,21,64,21,21,22,21,22,21,21,64,21,64,21,64,21,64,21,1570,342,85,22,3652
0000 006D 0022 0002 0157 00AB 0015 0016 0015 0015 0016 0015 0016 003F 0016 0015 0015 0015 0016 0015 0016 0015 0015 0040 0015 0015 0016 003F 0016 0015 0016 003F 0016 003F 0016 003F 0016 003F 0016 0015 0015 0040 0015 0040 0015 0040 0015 0015 0016 0015 0016 0015 0016 0015 0015 0040 0015 0015 0016 0015 0016 0015 0015 0040 0015 0040 0015 0040 0015 0040 0015 0622 0156 0055 0016 0E44

=============

LG LP1013WNR

C-F
sendir,2:1,1,38000,1,69,342,171,21,21,22,21,22,21,21,22,21,64,21,21,22,21,22,21,21,64,21,64,21,64,21,21,22,21,22,63,22,63,22,63,22,21,21,21,22,63,22,21,22,21,21,21,22,21,22,21,22,63,22,63,22,21,21,64,21,64,21,64,21,64,21,64,21,1569,341,85,22,1569
0000 006D 0022 0002 0156 00AB 0015 0015 0016 0015 0016 0015 0015 0016 0015 0040 0015 0015 0016 0015 0016 0015 0015 0040 0015 0040 0015 0040 0015 0015 0016 0015 0016 003F 0016 003F 0016 003F 0016 0015 0015 0015 0016 003F 0016 0015 0016 0015 0015 0015 0016 0015 0016 0015 0016 003F 0016 003F 0016 0015 0015 0040 0015 0040 0015 0040 0015 0040 0015 0040 0015 0621 0155 0055 0016 0621

COOL MODE
sendir,2:1,1,38000,1,69,343,171,21,21,22,21,22,21,21,21,22,63,22,21,22,21,21,22,21,64,21,64,21,64,21,21,22,21,22,63,22,63,22,63,22,21,21,21,22,63,22,63,22,21,22,21,21,21,22,21,22,63,22,63,22,21,21,21,22,63,22,63,22,63,22,63,22,1571,342,85,22,1571
0000 006D 0022 0002 0157 00AB 0015 0015 0016 0015 0016 0015 0015 0015 0016 003F 0016 0015 0016 0015 0015 0016 0015 0040 0015 0040 0015 0040 0015 0015 0016 0015 0016 003F 0016 003F 0016 003F 0016 0015 0015 0015 0016 003F 0016 003F 0016 0015 0016 0015 0015 0015 0016 0015 0016 003F 0016 003F 0016 0015 0015 0015 0016 003F 0016 003F 0016 003F 0016 003F 0016 0623 0156 0055 0016 0623

DRY MODE
sendir,2:1,1,38000,1,69,342,172,21,21,22,21,22,21,21,21,22,63,22,21,22,21,21,21,22,63,22,63,22,63,22,21,22,21,21,64,21,64,21,64,21,21,22,21,22,63,22,21,22,63,22,21,21,21,22,21,22,63,22,63,22,21,21,64,21,21,22,63,22,63,22,63,22,1571,342,85,22,1571
0000 006D 0022 0002 0156 00AC 0015 0015 0016 0015 0016 0015 0015 0015 0016 003F 0016 0015 0016 0015 0015 0015 0016 003F 0016 003F 0016 003F 0016 0015 0016 0015 0015 0040 0015 0040 0015 0040 0015 0015 0016 0015 0016 003F 0016 0015 0016 003F 0016 0015 0015 0015 0016 0015 0016 003F 0016 003F 0016 0015 0015 0040 0015 0015 0016 003F 0016 003F 0016 003F 0016 0623 0156 0055 0016 0623

FAN HIGH
sendir,2:1,1,38000,1,69,341,171,22,21,22,21,22,21,21,21,22,63,22,21,22,21,21,21,22,63,22,63,22,63,22,21,22,21,21,64,21,64,21,64,21,21,22,63,22,63,22,21,22,63,22,21,22,21,21,21,22,63,22,21,22,21,21,64,21,21,22,63,22,63,22,63,22,1568,341,85,22,1568
0000 006D 0022 0002 0155 00AB 0016 0015 0016 0015 0016 0015 0015 0015 0016 003F 0016 0015 0016 0015 0015 0015 0016 003F 0016 003F 0016 003F 0016 0015 0016 0015 0015 0040 0015 0040 0015 0040 0015 0015 0016 003F 0016 003F 0016 0015 0016 003F 0016 0015 0016 0015 0015 0015 0016 003F 0016 0015 0016 0015 0015 0040 0015 0015 0016 003F 0016 003F 0016 003F 0016 0620 0155 0055 0016 0620

FAN LOW
sendir,2:1,1,38000,1,69,343,172,22,21,21,21,22,22,22,21,21,65,21,21,22,21,22,21,21,65,21,65,21,65,21,22,22,21,22,64,22,64,22,63,22,22,22,64,22,64,22,64,21,23,21,21,22,21,22,22,21,65,21,21,22,22,22,21,21,65,21,65,21,65,21,64,21,1574,342,86,22,1574
0000 006D 0022 0002 0157 00AC 0016 0015 0015 0015 0016 0016 0016 0015 0015 0041 0015 0015 0016 0015 0016 0015 0015 0041 0015 0041 0015 0041 0015 0016 0016 0015 0016 0040 0016 0040 0016 003F 0016 0016 0016 0040 0016 0040 0016 0040 0015 0017 0015 0015 0016 0015 0016 0016 0015 0041 0015 0015 0016 0016 0016 0015 0015 0041 0015 0041 0015 0041 0015 0040 0015 0626 0156 0056 0016 0626

FAN MODE
sendir,2:1,1,38000,1,69,342,171,22,21,21,21,22,21,22,21,22,63,22,21,21,21,22,21,22,63,22,63,22,63,22,21,21,21,22,63,22,63,22,63,22,21,22,21,21,21,22,63,22,21,22,21,22,21,21,21,22,63,22,63,22,63,22,21,22,63,22,63,22,63,22,63,22,1570,343,85,21,1570
0000 006D 0022 0002 0156 00AB 0016 0015 0015 0015 0016 0015 0016 0015 0016 003F 0016 0015 0015 0015 0016 0015 0016 003F 0016 003F 0016 003F 0016 0015 0015 0015 0016 003F 0016 003F 0016 003F 0016 0015 0016 0015 0015 0015 0016 003F 0016 0015 0016 0015 0016 0015 0015 0015 0016 003F 0016 003F 0016 003F 0016 0015 0016 003F 0016 003F 0016 003F 0016 003F 0016 0622 0157 0055 0015 0622

POWER TOGGLE
sendir,2:1,1,38000,1,69,341,171,22,21,22,21,22,21,21,21,22,63,22,21,22,21,21,21,22,63,22,63,22,63,22,21,22,21,21,64,21,64,21,64,21,21,22,21,22,21,21,22,21,21,22,21,22,21,21,21,22,63,22,63,22,63,22,63,22,63,22,63,22,63,22,63,22,1569,341,85,22,1569
0000 006D 0022 0002 0155 00AB 0016 0015 0016 0015 0016 0015 0015 0015 0016 003F 0016 0015 0016 0015 0015 0015 0016 003F 0016 003F 0016 003F 0016 0015 0016 0015 0015 0040 0015 0040 0015 0040 0015 0015 0016 0015 0016 0015 0015 0016 0015 0015 0016 0015 0016 0015 0015 0015 0016 003F 0016 003F 0016 003F 0016 003F 0016 003F 0016 003F 0016 003F 0016 003F 0016 0621 0155 0055 0016 0621

SWING
sendir,2:1,1,38000,1,69,342,171,22,21,22,21,21,21,22,21,22,63,22,21,21,21,22,21,22,63,22,63,22,63,22,21,21,21,22,63,22,63,22,63,22,21,22,63,22,63,22,21,22,21,21,21,22,21,22,21,21,64,21,21,22,21,22,63,22,63,22,63,22,63,22,63,22,1570,343,85,21,1570
0000 006D 0022 0002 0156 00AB 0016 0015 0016 0015 0015 0015 0016 0015 0016 003F 0016 0015 0015 0015 0016 0015 0016 003F 0016 003F 0016 003F 0016 0015 0015 0015 0016 003F 0016 003F 0016 003F 0016 0015 0016 003F 0016 003F 0016 0015 0016 0015 0015 0015 0016 0015 0016 0015 0015 0040 0015 0015 0016 0015 0016 003F 0016 003F 0016 003F 0016 003F 0016 003F 0016 0622 0157 0055 0015 0622

TEMP COOLER
sendir,2:1,1,38000,1,69,343,171,21,21,22,21,22,21,22,21,21,64,21,21,22,21,22,21,21,64,21,64,21,64,21,21,22,21,22,63,22,63,22,63,22,63,22,21,21,64,21,64,21,21,22,21,22,21,21,22,21,21,22,63,22,21,22,21,21,64,21,64,21,64,21,64,21,1570,341,85,22,1570
0000 006D 0022 0002 0157 00AB 0015 0015 0016 0015 0016 0015 0016 0015 0015 0040 0015 0015 0016 0015 0016 0015 0015 0040 0015 0040 0015 0040 0015 0015 0016 0015 0016 003F 0016 003F 0016 003F 0016 003F 0016 0015 0015 0040 0015 0040 0015 0015 0016 0015 0016 0015 0015 0016 0015 0015 0016 003F 0016 0015 0016 0015 0015 0040 0015 0040 0015 0040 0015 0040 0015 0622 0155 0055 0016 0622

TEMP HOTTER
sendir,2:1,1,38000,1,69,343,171,22,21,21,21,22,21,22,21,21,64,21,21,22,21,22,21,21,64,21,64,21,64,21,21,22,21,22,63,22,63,22,63,22,63,22,21,21,64,21,22,21,64,21,21,22,21,22,21,21,21,22,63,22,21,22,63,22,21,21,64,21,64,21,64,21,1571,342,85,22,1571
0000 006D 0022 0002 0157 00AB 0016 0015 0015 0015 0016 0015 0016 0015 0015 0040 0015 0015 0016 0015 0016 0015 0015 0040 0015 0040 0015 0040 0015 0015 0016 0015 0016 003F 0016 003F 0016 003F 0016 003F 0016 0015 0015 0040 0015 0016 0015 0040 0015 0015 0016 0015 0016 0015 0015 0015 0016 003F 0016 0015 0016 003F 0016 0015 0015 0040 0015 0040 0015 0040 0015 0623 0156 0055 0016 0623

TIMER
sendir,2:1,1,38000,1,69,343,171,21,21,22,21,22,21,21,21,22,63,22,21,22,21,22,21,21,64,21,64,21,64,21,21,22,21,22,63,22,63,22,63,22,63,22,21,21,21,22,21,22,21,21,21,22,21,22,21,22,21,21,64,21,64,21,64,21,64,21,64,21,64,21,63,22,1570,342,85,22,1570
0000 006D 0022 0002 0157 00AB 0015 0015 0016 0015 0016 0015 0015 0015 0016 003F 0016 0015 0016 0015 0016 0015 0015 0040 0015 0040 0015 0040 0015 0015 0016 0015 0016 003F 0016 003F 0016 003F 0016 003F 0016 0015 0015 0015 0016 0015 0016 0015 0015 0015 0016 0015 0016 0015 0016 0015 0015 0040 0015 0040 0015 0040 0015 0040 0015 0040 0015 0040 0015 003F 0016 0622 0156 0055 0016 0622

=============

LG LWHD8008R

AUTO SWING
sendir,2:1,1,38000,1,69,342,171,21,64,21,21,22,21,22,21,22,21,21,21,22,21,22,63,22,21,21,64,21,64,21,21,22,21,22,63,22,63,22,21,21,64,21,64,21,21,22,21,22,21,22,21,21,21,22,63,22,21,22,21,21,64,21,64,21,64,21,64,21,64,21,21,22,1612,342,85,21,3651
0000 006D 0022 0002 0156 00AB 0015 0040 0015 0015 0016 0015 0016 0015 0016 0015 0015 0015 0016 0015 0016 003F 0016 0015 0015 0040 0015 0040 0015 0015 0016 0015 0016 003F 0016 003F 0016 0015 0015 0040 0015 0040 0015 0015 0016 0015 0016 0015 0016 0015 0015 0015 0016 003F 0016 0015 0016 0015 0015 0040 0015 0040 0015 0040 0015 0040 0015 0040 0015 0015 0016 064C 0156 0055 0015 0E43

ENERGY SAVER
sendir,2:1,1,38000,1,69,342,171,21,64,21,21,22,21,22,21,21,21,22,21,22,21,21,64,21,21,22,63,22,63,22,21,22,21,22,63,22,63,22,21,21,21,22,63,22,21,22,21,21,21,22,21,22,21,21,64,21,64,21,21,22,63,22,63,22,63,22,63,22,63,22,21,22,1612,342,85,21,3651
0000 006D 0022 0002 0156 00AB 0015 0040 0015 0015 0016 0015 0016 0015 0015 0015 0016 0015 0016 0015 0015 0040 0015 0015 0016 003F 0016 003F 0016 0015 0016 0015 0016 003F 0016 003F 0016 0015 0015 0015 0016 003F 0016 0015 0016 0015 0015 0015 0016 0015 0016 0015 0015 0040 0015 0040 0015 0015 0016 003F 0016 003F 0016 003F 0016 003F 0016 003F 0016 0015 0016 064C 0156 0055 0015 0E43

FAN SPEED
sendir,2:1,1,38000,1,69,342,171,22,63,22,21,22,21,21,21,22,21,22,21,21,21,22,63,22,21,22,63,22,63,22,21,21,21,22,63,22,63,22,21,22,63,22,21,22,21,21,64,21,64,21,21,22,21,22,63,22,21,21,64,21,64,21,21,22,21,22,63,22,63,22,21,21,1612,342,85,22,3651
0000 006D 0022 0002 0156 00AB 0016 003F 0016 0015 0016 0015 0015 0015 0016 0015 0016 0015 0015 0015 0016 003F 0016 0015 0016 003F 0016 003F 0016 0015 0015 0015 0016 003F 0016 003F 0016 0015 0016 003F 0016 0015 0016 0015 0015 0040 0015 0040 0015 0015 0016 0015 0016 003F 0016 0015 0015 0040 0015 0040 0015 0015 0016 0015 0016 003F 0016 003F 0016 0015 0015 064C 0156 0055 0016 0E43

MODE
sendir,2:1,1,38000,1,69,341,171,22,63,22,21,21,22,21,21,22,21,22,21,21,21,22,63,22,21,22,63,22,63,22,21,21,21,22,63,22,63,22,21,22,63,22,63,22,21,21,64,21,64,21,21,22,21,22,63,22,21,22,21,21,64,21,21,22,21,22,63,22,63,22,21,21,1610,341,85,22,3648
0000 006E 0022 0002 0155 00AB 0016 003F 0016 0015 0015 0016 0015 0015 0016 0015 0016 0015 0015 0015 0016 003F 0016 0015 0016 003F 0016 003F 0016 0015 0015 0015 0016 003F 0016 003F 0016 0015 0016 003F 0016 003F 0016 0015 0015 0040 0015 0040 0015 0015 0016 0015 0016 003F 0016 0015 0016 0015 0015 0040 0015 0015 0016 0015 0016 003F 0016 003F 0016 0015 0015 064A 0155 0055 0016 0E40

POWER TOGGLE
sendir,2:1,1,38000,1,69,342,171,22,63,22,21,21,21,22,21,22,21,21,22,21,21,22,63,22,21,22,63,22,63,22,21,21,21,22,63,22,63,22,21,22,63,22,21,21,21,22,21,22,21,21,21,22,21,22,63,22,21,22,63,22,63,22,63,22,63,22,63,22,63,21,22,21,1612,342,85,21,3653
0000 006D 0022 0002 0156 00AB 0016 003F 0016 0015 0015 0015 0016 0015 0016 0015 0015 0016 0015 0015 0016 003F 0016 0015 0016 003F 0016 003F 0016 0015 0015 0015 0016 003F 0016 003F 0016 0015 0016 003F 0016 0015 0015 0015 0016 0015 0016 0015 0015 0015 0016 0015 0016 003F 0016 0015 0016 003F 0016 003F 0016 003F 0016 003F 0016 003F 0016 003F 0015 0016 0015 064C 0156 0055 0015 0E45

TEMP DOWN
sendir,2:1,1,38000,1,69,342,171,22,63,22,21,22,21,21,21,22,21,22,21,22,21,21,64,21,21,22,63,22,63,22,21,22,21,21,64,21,64,21,21,22,21,22,63,22,21,21,64,21,21,22,21,22,21,22,63,21,64,21,22,21,64,21,21,22,63,22,63,22,63,22,21,22,1613,342,85,22,3652
0000 006D 0022 0002 0156 00AB 0016 003F 0016 0015 0016 0015 0015 0015 0016 0015 0016 0015 0016 0015 0015 0040 0015 0015 0016 003F 0016 003F 0016 0015 0016 0015 0015 0040 0015 0040 0015 0015 0016 0015 0016 003F 0016 0015 0015 0040 0015 0015 0016 0015 0016 0015 0016 003F 0015 0040 0015 0016 0015 0040 0015 0015 0016 003F 0016 003F 0016 003F 0016 0015 0016 064D 0156 0055 0016 0E44

TEMP UP
sendir,2:1,1,38000,1,69,341,172,21,64,21,21,22,21,22,21,21,21,22,21,22,21,21,64,21,21,22,63,22,63,22,21,22,21,21,64,21,64,21,22,21,64,21,21,22,63,22,21,22,21,21,21,22,21,22,63,22,21,21,64,21,21,22,63,22,63,22,63,22,63,22,21,22,1611,342,85,21,3650
0000 006D 0022 0002 0155 00AC 0015 0040 0015 0015 0016 0015 0016 0015 0015 0015 0016 0015 0016 0015 0015 0040 0015 0015 0016 003F 0016 003F 0016 0015 0016 0015 0015 0040 0015 0040 0015 0016 0015 0040 0015 0015 0016 003F 0016 0015 0016 0015 0015 0015 0016 0015 0016 003F 0016 0015 0015 0040 0015 0015 0016 003F 0016 003F 0016 003F 0016 003F 0016 0015 0016 064B 0156 0055 0015 0E42

TIMER
sendir,2:1,1,38000,1,69,342,171,22,63,22,21,21,21,22,21,22,21,21,21,22,21,22,63,22,21,22,63,22,63,21,22,21,21,22,63,22,63,22,21,22,63,22,63,22,63,22,63,22,63,22,21,21,21,22,63,22,21,22,21,21,21,22,21,22,21,21,64,21,64,21,21,22,1612,342,85,22,3653
0000 006D 0022 0002 0156 00AB 0016 003F 0016 0015 0015 0015 0016 0015 0016 0015 0015 0015 0016 0015 0016 003F 0016 0015 0016 003F 0016 003F 0015 0016 0015 0015 0016 003F 0016 003F 0016 0015 0016 003F 0016 003F 0016 003F 0016 003F 0016 003F 0016 0015 0015 0015 0016 003F 0016 0015 0016 0015 0015 0015 0016 0015 0016 0015 0015 0040 0015 0040 0015 0015 0016 064C 0156 0055 0016 0E45

=============

Haier ESA Series

FAN SPEED
sendir,2:1,1,38000,1,69,341,171,22,21,22,21,21,22,21,64,21,64,21,21,22,21,22,63,22,63,22,63,21,64,22,63,22,21,21,64,21,64,21,21,22,21,22,21,21,64,21,21,22,21,22,21,21,21,22,21,22,63,22,63,22,21,22,63,22,63,21,64,21,64,21,64,21,1484,342,85,22,1484
0000 006D 0022 0002 0155 00AB 0016 0015 0016 0015 0015 0016 0015 0040 0015 0040 0015 0015 0016 0015 0016 003F 0016 003F 0016 003F 0015 0040 0016 003F 0016 0015 0015 0040 0015 0040 0015 0015 0016 0015 0016 0015 0015 0040 0015 0015 0016 0015 0016 0015 0015 0015 0016 0015 0016 003F 0016 003F 0016 0015 0016 003F 0016 003F 0015 0040 0015 0040 0015 0040 0015 05CC 0156 0055 0016 05CC

MODE
sendir,2:1,1,38000,1,69,341,172,21,21,22,21,22,21,21,64,21,64,21,21,22,21,22,63,22,63,22,63,22,63,22,63,22,21,21,64,21,64,21,21,22,21,22,21,21,21,22,63,22,21,22,21,22,21,21,21,22,63,22,63,22,63,22,21,22,63,22,63,22,63,22,63,22,1484,341,85,22,1484
0000 006D 0022 0002 0155 00AC 0015 0015 0016 0015 0016 0015 0015 0040 0015 0040 0015 0015 0016 0015 0016 003F 0016 003F 0016 003F 0016 003F 0016 003F 0016 0015 0015 0040 0015 0040 0015 0015 0016 0015 0016 0015 0015 0015 0016 003F 0016 0015 0016 0015 0016 0015 0015 0015 0016 003F 0016 003F 0016 003F 0016 0015 0016 003F 0016 003F 0016 003F 0016 003F 0016 05CC 0155 0055 0016 05CC

POWER TOGGLE
sendir,2:1,1,38000,1,69,342,171,22,21,21,21,22,21,22,63,22,63,22,21,21,21,22,63,22,63,22,63,22,63,22,63,22,21,22,63,22,63,22,21,21,64,21,21,22,21,22,63,22,63,22,21,21,22,21,21,22,21,22,63,22,63,22,21,21,21,22,63,22,63,22,63,22,1484,341,85,22,1484
0000 006D 0022 0002 0156 00AB 0016 0015 0015 0015 0016 0015 0016 003F 0016 003F 0016 0015 0015 0015 0016 003F 0016 003F 0016 003F 0016 003F 0016 003F 0016 0015 0016 003F 0016 003F 0016 0015 0015 0040 0015 0015 0016 0015 0016 003F 0016 003F 0016 0015 0015 0016 0015 0015 0016 0015 0016 003F 0016 003F 0016 0015 0015 0015 0016 003F 0016 003F 0016 003F 0016 05CC 0155 0055 0016 05CC

TEMP COOLER
sendir,2:1,1,38000,1,69,342,171,21,21,22,21,22,21,21,64,21,64,21,21,22,21,22,63,22,63,22,63,22,63,22,63,22,21,21,64,21,64,21,21,22,63,22,21,22,21,22,63,22,21,21,21,22,21,22,21,21,21,22,63,22,63,22,21,22,63,22,63,22,63,22,63,22,1485,342,85,22,1485
0000 006D 0022 0002 0156 00AB 0015 0015 0016 0015 0016 0015 0015 0040 0015 0040 0015 0015 0016 0015 0016 003F 0016 003F 0016 003F 0016 003F 0016 003F 0016 0015 0015 0040 0015 0040 0015 0015 0016 003F 0016 0015 0016 0015 0016 003F 0016 0015 0015 0015 0016 0015 0016 0015 0015 0015 0016 003F 0016 003F 0016 0015 0016 003F 0016 003F 0016 003F 0016 003F 0016 05CD 0156 0055 0016 05CD

TEMP HOTTER
sendir,2:1,1,38000,1,69,343,171,21,21,22,21,22,21,21,64,21,64,21,22,21,21,22,63,22,63,22,63,22,63,22,63,22,21,22,63,22,63,22,21,21,64,21,21,22,63,22,21,22,21,21,21,22,21,22,21,21,21,22,63,22,21,22,63,22,63,22,63,22,63,22,63,22,1485,342,85,22,1485
0000 006D 0022 0002 0157 00AB 0015 0015 0016 0015 0016 0015 0015 0040 0015 0040 0015 0016 0015 0015 0016 003F 0016 003F 0016 003F 0016 003F 0016 003F 0016 0015 0016 003F 0016 003F 0016 0015 0015 0040 0015 0015 0016 003F 0016 0015 0016 0015 0015 0015 0016 0015 0016 0015 0015 0015 0016 003F 0016 0015 0016 003F 0016 003F 0016 003F 0016 003F 0016 003F 0016 05CD 0156 0055 0016 05CD

TIMER
sendir,2:1,1,38000,1,69,341,171,22,21,22,21,21,21,22,63,22,63,22,21,22,21,21,64,21,64,21,64,21,64,21,64,21,21,22,63,22,63,22,21,22,21,22,63,21,22,21,64,21,64,21,21,22,21,22,21,21,64,21,21,22,63,22,21,22,21,21,64,21,64,21,64,21,1484,342,85,22,1484
0000 006D 0022 0002 0155 00AB 0016 0015 0016 0015 0015 0015 0016 003F 0016 003F 0016 0015 0016 0015 0015 0040 0015 0040 0015 0040 0015 0040 0015 0040 0015 0015 0016 003F 0016 003F 0016 0015 0016 0015 0016 003F 0015 0016 0015 0040 0015 0040 0015 0015 0016 0015 0016 0015 0015 0040 0015 0015 0016 003F 0016 0015 0016 0015 0015 0040 0015 0040 0015 0040 0015 05CC 0156 0055 0016 05CC

=============

Haier HSU Series

FAN SPEED
sendir,2:1,1,38000,1,69,342,171,21,22,21,21,22,21,22,21,21,21,22,63,22,21,22,21,21,64,21,64,21,64,21,64,21,64,21,21,22,63,22,63,22,21,22,63,22,21,21,64,21,21,22,21,22,21,22,21,21,64,21,21,22,63,22,21,22,63,22,63,22,63,22,63,22,1526,342,85,22,3650
0000 006D 0022 0002 0156 00AB 0015 0016 0015 0015 0016 0015 0016 0015 0015 0015 0016 003F 0016 0015 0016 0015 0015 0040 0015 0040 0015 0040 0015 0040 0015 0040 0015 0015 0016 003F 0016 003F 0016 0015 0016 003F 0016 0015 0015 0040 0015 0015 0016 0015 0016 0015 0016 0015 0015 0040 0015 0015 0016 003F 0016 0015 0016 003F 0016 003F 0016 003F 0016 003F 0016 05F6 0156 0055 0016 0E42

MODE
sendir,2:1,1,38000,1,69,341,171,22,21,22,21,21,21,22,21,22,21,21,64,21,22,21,21,22,63,22,63,22,63,22,63,22,63,22,21,22,63,22,63,22,63,21,22,21,21,22,63,22,21,22,21,21,21,22,21,22,21,21,64,21,64,21,21,22,63,22,63,22,63,22,63,22,1526,342,85,22,3649
0000 006D 0022 0002 0155 00AB 0016 0015 0016 0015 0015 0015 0016 0015 0016 0015 0015 0040 0015 0016 0015 0015 0016 003F 0016 003F 0016 003F 0016 003F 0016 003F 0016 0015 0016 003F 0016 003F 0016 003F 0015 0016 0015 0015 0016 003F 0016 0015 0016 0015 0015 0015 0016 0015 0016 0015 0015 0040 0015 0040 0015 0015 0016 003F 0016 003F 0016 003F 0016 003F 0016 05F6 0156 0055 0016 0E41

POWER TOGGLE
sendir,2:1,1,38000,1,69,341,171,22,21,22,21,21,21,22,21,22,21,21,64,21,21,22,21,22,63,22,63,22,63,22,63,22,63,22,21,21,64,21,64,21,22,21,64,21,21,22,21,22,21,21,21,22,21,22,21,21,64,21,21,22,63,22,63,22,63,22,63,22,63,22,63,22,1526,342,85,22,3651
0000 006D 0022 0002 0155 00AB 0016 0015 0016 0015 0015 0015 0016 0015 0016 0015 0015 0040 0015 0015 0016 0015 0016 003F 0016 003F 0016 003F 0016 003F 0016 003F 0016 0015 0015 0040 0015 0040 0015 0016 0015 0040 0015 0015 0016 0015 0016 0015 0015 0015 0016 0015 0016 0015 0015 0040 0015 0015 0016 003F 0016 003F 0016 003F 0016 003F 0016 003F 0016 003F 0016 05F6 0156 0055 0016 0E43

TEMP DOWN
sendir,2:1,1,38000,1,69,342,171,22,21,21,21,22,21,22,21,22,21,21,64,21,21,22,21,22,63,22,63,22,63,22,63,22,63,22,21,21,64,21,64,21,64,21,21,22,21,22,21,21,64,21,21,22,21,22,21,21,22,21,64,21,64,21,64,21,21,22,63,22,63,22,63,22,1526,342,85,22,3650
0000 006D 0022 0002 0156 00AB 0016 0015 0015 0015 0016 0015 0016 0015 0016 0015 0015 0040 0015 0015 0016 0015 0016 003F 0016 003F 0016 003F 0016 003F 0016 003F 0016 0015 0015 0040 0015 0040 0015 0040 0015 0015 0016 0015 0016 0015 0015 0040 0015 0015 0016 0015 0016 0015 0015 0016 0015 0040 0015 0040 0015 0040 0015 0015 0016 003F 0016 003F 0016 003F 0016 05F6 0156 0055 0016 0E42

TEMP UP
sendir,2:1,1,38000,1,69,342,171,22,21,21,21,22,21,22,21,21,21,22,63,22,21,22,21,21,64,21,64,21,64,21,64,21,64,21,21,22,63,22,63,22,21,22,63,22,21,21,64,21,22,21,21,22,21,22,21,21,64,21,21,22,63,22,21,22,63,22,63,22,63,22,63,22,1525,342,85,22,3648
0000 006E 0022 0002 0156 00AB 0016 0015 0015 0015 0016 0015 0016 0015 0015 0015 0016 003F 0016 0015 0016 0015 0015 0040 0015 0040 0015 0040 0015 0040 0015 0040 0015 0015 0016 003F 0016 003F 0016 0015 0016 003F 0016 0015 0015 0040 0015 0016 0015 0015 0016 0015 0016 0015 0015 0040 0015 0015 0016 003F 0016 0015 0016 003F 0016 003F 0016 003F 0016 003F 0016 05F5 0156 0055 0016 0E40

TIMER
sendir,2:1,1,38000,1,69,342,171,22,21,22,21,22,21,21,21,22,21,22,63,22,21,21,21,22,63,22,63,22,63,22,63,22,63,22,21,22,63,22,63,22,63,22,21,21,21,22,63,22,63,22,21,22,21,21,22,21,21,22,63,22,63,22,21,22,21,21,64,21,64,21,64,21,1529,342,85,21,3653
0000 006D 0022 0002 0156 00AB 0016 0015 0016 0015 0016 0015 0015 0015 0016 0015 0016 003F 0016 0015 0015 0015 0016 003F 0016 003F 0016 003F 0016 003F 0016 003F 0016 0015 0016 003F 0016 003F 0016 003F 0016 0015 0015 0015 0016 003F 0016 003F 0016 0015 0016 0015 0015 0016 0015 0015 0016 003F 0016 003F 0016 0015 0016 0015 0015 0040 0015 0040 0015 0040 0015 05F9 0156 0055 0015 0E45

=============
